
try 'rc_test_mpu -h' to see other options

   Accel XYZ(m/s^2)  |   Gyro XYZ (deg/s)  |
659
	   9.82  -0.06  -0.17 |  -0.2    0.1   -0.4 |21871
	   9.88  -0.18  -0.19 |   0.0    0.5    0.0 |42829
	   9.91  -0.17  -0.20 |   0.0    1.2    0.2 |63725
	   9.77  -0.06  -0.20 |   0.2    1.7   -0.1 |84617
	   9.77   0.01  -0.07 |   0.7    0.9   -0.4 |105487
	   9.86  -0.05  -0.14 |   1.1    0.2   -0.3 |126347
	   9.87  -0.13  -0.19 |   1.0   -0.3   -0.2 |147300
	   9.82  -0.08  -0.17 |   0.7   -0.3   -0.2 |168207
	   9.82  -0.02  -0.21 |   0.1    0.2   -0.2 |189102
	   9.83  -0.07  -0.18 |  -0.3    0.4   -0.1 |210061
	   9.84  -0.02  -0.12 |   0.4   -0.6    0.1 |231102
	   9.83  -0.02  -0.15 |   1.2   -1.6   -0.2 |252034
	   9.87   0.02  -0.18 |   1.6   -1.5   -0.6 |272909
	   9.85  -0.05  -0.09 |   1.4   -1.6   -0.4 |293774
	   9.86  -0.17  -0.12 |   1.5   -2.1   -0.2 |314596
	   9.87  -0.14  -0.15 |   1.3   -2.0   -0.1 |335487
	   9.87  -0.09  -0.23 |   0.4   -1.1    0.1 |356406
	   9.81  -0.02  -0.15 |  -0.4   -0.1   -0.1 |377281
	   9.79  -0.11  -0.15 |  -0.1   -0.3   -0.2 |398149
	   9.83  -0.10  -0.14 |   0.9   -1.2   -0.1 |419061
	   9.90  -0.10  -0.14 |   1.7   -1.4    0.1 |439958
	   9.81  -0.04  -0.27 |   1.2   -0.4   -0.3 |460818
	   9.83   0.00  -0.16 |   0.4    0.3   -0.2 |481711
	   9.84  -0.10  -0.09 |   0.5    0.2   -0.2 |502602
	   9.88  -0.15  -0.23 |   1.0   -0.4   -0.1 |523502
	   9.86  -0.13  -0.23 |   1.0   -0.3   -0.1 |544406
	   9.89  -0.13  -0.20 |   0.3    0.4   -0.4 |565330
	   9.89  -0.15  -0.15 |   0.1    0.6   -0.3 |586238
	   9.81  -0.20  -0.15 |   0.2    0.3    0.2 |607080
	   9.86  -0.10  -0.12 |   1.0    0.1   -0.2 |627958
	   9.84  -0.05  -0.14 |   1.3    0.1   -0.3 |648810
	   9.83  -0.06  -0.17 |   1.2   -0.1   -0.1 |669696
	   9.81  -0.05  -0.22 |   0.2   -0.3   -0.1 |690571
	   9.89  -0.04  -0.24 |  -0.6    0.1   -0.1 |711449
	   9.85  -0.04  -0.27 |  -1.2    0.1   -0.4 |732730
	   9.82  -0.09  -0.17 |  -1.2    0.1    0.1 |753622
	   9.84  -0.15  -0.17 |  -0.3   -0.3   -0.5 |774483
	   9.90  -0.09  -0.17 |   0.2   -0.1   -0.1 |795448
	   9.83  -0.10  -0.20 |   0.4    0.5   -0.1 |816303
	   9.79  -0.05  -0.16 |   0.2    0.7   -0.1 |837205
	   9.81  -0.06  -0.21 |  -1.4    0.7   -0.3 |858109
	   9.86   0.05  -0.25 |  -4.0    0.6    0.2 |879055
	   9.77   0.07  -0.05 |  -4.8   -0.9    0.0 |899926
	   9.82  -0.05  -0.15 |  -6.8   -4.1   -0.4 |920833
	  10.22   0.34  -0.26 |  -9.7   -2.5    0.3 |941733
	  10.13  -0.03  -0.29 | -12.9   -3.1    0.1 |962596
	   9.79  -0.08  -0.30 | -16.8   -3.6    0.1 |983464
	   9.65  -0.06  -0.08 | -18.6   -2.3    0.7 |1004369
	   9.93  -0.03  -0.25 | -22.0   -0.8    0.5 |1025284
	   9.90  -0.06  -0.38 | -25.1    0.5    0.3 |1046154
	   9.80  -0.09  -0.17 | -28.1    1.4    1.2 |1067111
	   9.85  -0.03  -0.27 | -30.3    2.4    0.5 |1087983
	   9.96  -0.06  -0.20 | -32.7    3.4    0.9 |1109199
	   9.90   0.01  -0.31 | -34.7    4.2    1.0 |1130070
	   9.81  -0.12  -0.21 | -36.9    4.5    0.5 |1151053
	   9.83   0.02  -0.26 | -38.2    4.6    1.0 |1171898
	   9.84  -0.02  -0.13 | -39.6    4.0    0.7 |1192808
	   9.85  -0.06  -0.26 | -40.6    3.4    0.6 |1213709
	   9.80  -0.18  -0.16 | -42.4    2.0    1.2 |1234589
	   9.81   0.00  -0.21 | -43.9    0.6    0.5 |1255504
	   9.80  -0.05  -0.16 | -43.9   -0.7    1.0 |1276441
	   9.86  -0.05  -0.21 | -44.4   -2.0    0.9 |1297352
	   9.82  -0.09  -0.19 | -44.3   -2.9    0.7 |1318234
	   9.90  -0.13  -0.23 | -44.1   -3.2    1.3 |1339135
	   9.85  -0.14  -0.26 | -43.5   -3.5    1.1 |1360021
	   9.81  -0.10  -0.22 | -42.4   -2.9    1.0 |1380895
	   9.88  -0.14  -0.24 | -41.6   -2.3    1.2 |1401755
	   9.89  -0.17  -0.24 | -40.8   -1.8    1.1 |1422618
	   9.86  -0.16  -0.23 | -39.4   -0.5    1.2 |1443506
	   9.86  -0.14  -0.23 | -37.8    0.4    1.3 |1464352
	   9.87  -0.10  -0.30 | -35.7    1.3    0.8 |1485202
	   9.89  -0.14  -0.21 | -33.8    2.4    0.9 |1506057
	   9.88  -0.12  -0.36 | -31.6    3.4    0.7 |1526946
	   9.76  -0.14  -0.19 | -28.8    4.2    0.5 |1548110
	   9.88  -0.15  -0.30 | -26.1    4.3    0.5 |1569060
	   9.89  -0.15  -0.18 | -23.3    3.6    0.4 |1589995
	   9.80  -0.19  -0.15 | -20.9    2.9    0.4 |1610876
	   9.74  -0.17  -0.15 | -17.9    1.8    0.4 |1631767
	   9.81  -0.17  -0.17 | -14.8    0.7    0.2 |1652639
	   9.84  -0.15  -0.21 | -11.6   -0.4    0.2 |1673499
	   9.83  -0.18  -0.15 |  -8.2   -2.0    0.0 |1694354
	   9.81  -0.17  -0.23 |  -5.0   -2.7   -0.1 |1715248
	   9.79  -0.16  -0.24 |  -1.2   -3.2    0.0 |1736132
	   9.85  -0.15  -0.27 |   2.0   -3.6   -0.2 |1757001
	   9.80  -0.16  -0.20 |   5.2   -3.8   -0.1 |1777914
	   9.82  -0.17  -0.28 |   7.9   -3.8   -0.4 |1798856
	   9.84  -0.21  -0.30 |  11.1   -3.4   -0.5 |1819848
	   9.86  -0.11  -0.31 |  14.3   -2.3   -0.5 |1840721
	   9.86  -0.15  -0.25 |  17.3   -1.4   -0.7 |1861596
	   9.85  -0.16  -0.31 |  20.5   -0.1   -0.8 |1882532
	   9.90  -0.14  -0.32 |  23.9    1.5   -1.0 |1903529
	   9.81  -0.12  -0.27 |  26.9    2.6   -1.1 |1924376
	   9.83  -0.12  -0.34 |  29.4    3.1   -1.1 |1945298
	   9.83  -0.14  -0.23 |  31.5    3.3   -1.1 |1966217
	   9.81  -0.10  -0.24 |  33.1    3.2   -1.1 |1987093
	   9.83  -0.14  -0.21 |  35.4    2.7   -0.9 |2008001
	   9.80  -0.08  -0.27 |  37.6    2.0   -1.1 |2028881
	   9.80  -0.09  -0.20 |  39.1    1.0   -1.2 |2049775
	   9.86  -0.10  -0.23 |  40.5   -0.1   -1.0 |2070676
	   9.80  -0.11  -0.14 |  41.8   -0.9   -1.0 |2091597
	   9.82  -0.04  -0.26 |  43.0   -1.8   -1.2 |2112504
	   9.81  -0.09  -0.10 |  43.6   -2.8   -1.0 |2133740
	   9.85  -0.06  -0.15 |  43.7   -3.8   -1.2 |2154616
	   9.85  -0.02  -0.16 |  43.5   -4.3   -1.3 |2175492
	   9.85  -0.06  -0.37 |  43.3   -4.2   -1.4 |2196372
	   9.88  -0.05  -0.32 |  43.2   -3.6   -1.4 |2217288
	   9.88  -0.02  -0.35 |  42.5   -2.7   -1.4 |2238177
	   9.87  -0.03  -0.35 |  42.1   -1.5   -1.5 |2259100
	   9.92  -0.03  -0.30 |  41.3   -0.1   -1.5 |2280026
	   9.89   0.00  -0.29 |  39.9    1.0   -1.4 |2300934
	   9.87  -0.01  -0.30 |  38.3    1.9   -1.2 |2321815
	   9.84   0.04  -0.26 |  36.1    2.3   -1.2 |2342735
	   9.83   0.04  -0.24 |  33.9    2.8   -1.0 |2363639
	   9.82  -0.00  -0.22 |  32.0    3.2   -1.0 |2384556
	   9.84   0.00  -0.28 |  29.8    3.3   -0.9 |2405434
	   9.80   0.03  -0.21 |  27.6    3.1   -0.7 |2426300
	   9.85   0.05  -0.26 |  24.9    2.1   -0.5 |2447158
	   9.79   0.02  -0.15 |  22.3    1.2   -0.5 |2468047
	   9.79   0.03  -0.21 |  19.3   -0.2   -0.7 |2488946
	   9.78   0.04  -0.16 |  16.1   -1.7   -0.4 |2509805
	   9.82   0.09  -0.21 |  12.6   -2.6   -0.5 |2530684
	   9.80   0.05  -0.19 |   9.3   -3.7   -0.4 |2551618
	   9.86   0.09  -0.32 |   6.1   -3.8   -0.4 |2572487
	   9.81   0.02  -0.19 |   3.1   -3.6   -0.4 |2593361
	   9.89   0.05  -0.30 |  -0.1   -3.5    0.0 |2614273
	   9.84   0.02  -0.23 |  -3.3   -2.9    0.1 |2635246
	   9.89   0.04  -0.31 |  -6.2   -2.1   -0.1 |2656128
	   9.85   0.07  -0.30 |  -9.6   -1.0    0.1 |2676950
	   9.87   0.06  -0.30 | -13.1   -0.2    0.4 |2697851
	   9.87   0.06  -0.29 | -16.4    0.9    0.5 |2718765
	   9.87   0.02  -0.28 | -19.7    1.8    0.4 |2740272
	   9.85   0.02  -0.27 | -22.3    2.9    0.5 |2761176
	   9.86   0.05  -0.23 | -24.9    3.7    0.5 |2782044
	   9.85   0.02  -0.26 | -27.5    4.0    0.6 |2803612
	   9.85  -0.04  -0.22 | -29.8    3.5    0.6 |2824519
	   9.79  -0.02  -0.20 | -31.9    2.8    0.5 |2845402
	   9.78  -0.02  -0.23 | -34.4    1.6    0.6 |2866301
	   9.84   0.00  -0.16 | -36.6    0.8    0.6 |2887273
	   9.83  -0.01  -0.19 | -38.4   -0.7    0.6 |2908143
	   9.84  -0.04  -0.20 | -39.7   -1.4    0.5 |2929019
	   9.79  -0.06  -0.27 | -40.8   -2.0    0.6 |2949909
	   9.84  -0.07  -0.18 | -41.6   -2.6    0.8 |2970777
	   9.85  -0.05  -0.16 | -42.4   -3.1    1.0 |2991699
	   9.87  -0.07  -0.29 | -42.5   -2.9    1.2 |3012548
	   9.82  -0.10  -0.27 | -42.9   -2.5    1.0 |3033416
	   9.86  -0.09  -0.28 | -43.2   -2.1    1.0 |3054634
	   9.90  -0.08  -0.24 | -43.3   -1.4    1.2 |3075662
	   9.91  -0.08  -0.30 | -42.8   -0.4    1.2 |3096532
	   9.90  -0.12  -0.25 | -42.1    1.2    1.2 |3117527
	   9.86  -0.13  -0.25 | -40.8    2.4    1.0 |3138391
	   9.90  -0.14  -0.23 | -39.4    3.2    1.0 |3159322
	   9.87  -0.14  -0.27 | -38.0    4.2    0.9 |3180240
	   9.86  -0.14  -0.28 | -36.3    4.1    0.6 |3201131
	   9.80  -0.16  -0.30 | -34.4    4.0    0.6 |3222017
	   9.85  -0.15  -0.13 | -32.8    3.4    0.7 |3242912
	   9.78  -0.17  -0.20 | -30.6    2.7    0.5 |3263911
	   9.77  -0.16  -0.22 | -28.3    1.7    0.5 |3284796
	   9.76  -0.18  -0.21 | -25.5    0.7    0.4 |3305663
	   9.77  -0.17  -0.16 | -22.7    0.0    0.1 |3326538
	   9.80  -0.18  -0.15 | -19.7   -1.0    0.4 |3347431
	   9.82  -0.18  -0.16 | -16.7   -2.0    0.2 |3368347
	   9.83  -0.20  -0.25 | -13.7   -2.7    0.4 |3389231
	   9.82  -0.22  -0.25 | -10.7   -3.1    0.2 |3410137
	   9.82  -0.19  -0.22 |  -7.6   -3.1    0.1 |3431056
	   9.86  -0.21  -0.26 |  -4.6   -2.7    0.2 |3451922
	   9.91  -0.24  -0.21 |  -1.3   -2.0    0.1 |3472810
	   9.85  -0.17  -0.29 |   2.1   -1.0   -0.2 |3493724
	   9.80  -0.22  -0.27 |   5.6    0.4   -0.3 |3514612
	   9.87  -0.19  -0.29 |   9.0    1.2   -0.3 |3535473
	   9.86  -0.22  -0.23 |  12.2    1.9   -0.6 |3556405
	   9.80  -0.22  -0.19 |  15.4    2.9   -0.7 |3577299
	   9.84  -0.18  -0.23 |  18.0    3.3   -0.8 |3598204
	   9.79  -0.21  -0.20 |  20.8    3.4   -0.7 |3619132
	   9.83  -0.21  -0.22 |  23.6    3.0   -0.8 |3639979
	   9.81  -0.20  -0.23 |  26.2    2.8   -0.9 |3660862
	   9.80  -0.22  -0.16 |  28.9    1.9   -0.9 |3681742
	   9.79  -0.17  -0.21 |  31.5    0.8   -0.8 |3702636
	   9.81  -0.18  -0.14 |  33.4   -0.2   -0.9 |3723615
	   9.85  -0.17  -0.17 |  35.5   -1.4   -0.7 |3744476
	   9.81  -0.14  -0.21 |  37.2   -2.1   -1.0 |3765335
	   9.85  -0.15  -0.25 |  38.8   -2.9   -1.0 |3786196
	   9.86  -0.15  -0.22 |  39.7   -3.7   -1.2 |3807039
	   9.82  -0.17  -0.25 |  40.7   -3.9   -1.3 |3827901
	   9.85  -0.11  -0.25 |  41.7   -3.5   -1.2 |3848726
	   9.88  -0.11  -0.26 |  42.7   -2.9   -1.5 |3869606
	   9.87  -0.12  -0.20 |  43.2   -2.0   -1.3 |3890527
	   9.89  -0.11  -0.28 |  43.2   -1.4   -1.4 |3911533
	   9.88  -0.09  -0.26 |  43.3   -0.2   -1.4 |3932411
	   9.92  -0.10  -0.26 |  42.8    1.0   -1.3 |3953264
	   9.89  -0.06  -0.26 |  41.9    1.9   -1.5 |3974133
	   9.81  -0.08  -0.25 |  40.9    2.6   -1.5 |3995056
	   9.83  -0.11  -0.25 |  39.9    2.9   -1.3 |4015941
	   9.85  -0.11  -0.26 |  38.5    3.2   -1.3 |4036862
	   9.86  -0.04  -0.26 |  37.5    2.9   -1.2 |4057784
	   9.79  -0.03  -0.19 |  35.8    2.1   -1.0 |4078672
	   9.84  -0.03  -0.17 |  33.6    1.5   -0.8 |4099598
	   9.81  -0.03  -0.16 |  31.5    0.6   -0.9 |4120473
	   9.84  -0.03  -0.21 |  29.2   -0.2   -0.9 |4141363
	   9.85  -0.01  -0.21 |  26.4   -1.2   -0.7 |4162255
	   9.81   0.01  -0.18 |  23.7   -2.4   -0.6 |4183137
	   9.81  -0.02  -0.21 |  20.9   -3.1   -0.6 |4204031
	   9.84   0.00  -0.27 |  18.0   -3.1   -0.6 |4224928
	   9.83  -0.02  -0.25 |  15.3   -2.9   -0.5 |4245777
	   9.88  -0.02  -0.31 |  12.5   -3.1   -0.4 |4266681
	   9.85   0.00  -0.32 |   9.3   -2.1   -0.3 |4290342
	   9.84   0.04  -0.23 |   5.4   -1.0   -0.3 |4311385
	   9.85   0.05  -0.27 |   2.1   -0.1   -0.2 |4332363
	   9.88   0.06  -0.29 |  -1.4    0.9    0.0 |4353275
	   9.83   0.01  -0.27 |  -4.9    2.0    0.1 |4374148
	   9.83   0.03  -0.22 |  -7.8    2.4    0.2 |4395096
	   9.85   0.03  -0.25 | -10.6    3.4    0.2 |4416025
	   9.84   0.04  -0.23 | -13.6    3.4    0.4 |4436947
	   9.84  -0.02  -0.21 | -16.9    3.4    0.4 |4457824
	   9.81   0.00  -0.27 | -19.9    3.1    0.3 |4479150
	   9.82  -0.01  -0.16 | -22.6    2.4    0.5 |4500077
	   9.82   0.04  -0.16 | -25.5    1.6    0.3 |4520988
	   9.79  -0.01  -0.07 | -28.1    0.7    0.4 |4541934
	   9.80   0.01  -0.21 | -30.8   -0.6    0.4 |4562845
	   9.82   0.00  -0.17 | -32.5   -1.6    0.5 |4583703
	   9.85  -0.04  -0.20 | -34.7   -2.6    0.9 |4604618
	   9.84  -0.01  -0.18 | -36.3   -3.0    1.0 |4625540
	   9.88  -0.03  -0.30 | -37.8   -3.0    0.9 |4646414
	   9.84  -0.03  -0.31 | -39.3   -2.7    0.9 |4667493
	   9.88  -0.02  -0.26 | -40.6   -2.0    1.1 |4688377
	   9.88  -0.04  -0.27 | -41.8   -1.4    1.3 |4709616
	   9.90  -0.06  -0.33 | -42.6   -0.7    1.1 |4730557
	   9.88  -0.08  -0.27 | -42.9    0.2    1.2 |4751468
	   9.87  -0.04  -0.27 | -42.9    1.0    1.2 |4772339
	   9.89  -0.04  -0.32 | -42.4    2.0    0.9 |4793227
	   9.83  -0.06  -0.25 | -42.4    2.6    1.2 |4814100
	   9.87  -0.07  -0.25 | -42.0    3.4    1.0 |4834961
	   9.81  -0.06  -0.32 | -41.0    3.5    1.0 |4855918
	   9.80  -0.08  -0.23 | -40.2    3.4    0.9 |4876814
	   9.82  -0.08  -0.22 | -39.0    2.9    0.6 |4897744
	   9.81  -0.08  -0.22 | -37.7    1.8    0.6 |4918670
	   9.79  -0.10  -0.18 | -36.1    0.4    0.7 |4939725
	   9.83  -0.11  -0.25 | -33.8   -0.3    0.5 |4965771
	   9.83  -0.11  -0.20 | -31.1   -1.4    0.5 |4986750
	   9.83  -0.13  -0.21 | -28.7   -2.4    0.7 |5007619
	   9.86  -0.12  -0.20 | -26.2   -2.7    0.5 |5028600
	   9.81  -0.12  -0.23 | -23.8   -2.8    0.5 |5049526
	   9.83  -0.13  -0.23 | -21.1   -2.9    0.4 |5070438
	   9.84  -0.13  -0.21 | -18.3   -2.9    0.4 |5091383
	   9.85  -0.17  -0.30 | -15.4   -2.4    0.4 |5112254
	   9.86  -0.16  -0.29 | -12.3   -1.5    0.4 |5133113
	   9.87  -0.16  -0.32 |  -8.9   -0.4    0.2 |5153959
	   9.89  -0.20  -0.29 |  -5.6    0.4   -0.2 |5174800
	   9.87  -0.15  -0.31 |  -2.3    1.6   -0.1 |5195736
	   9.81  -0.11  -0.20 |   0.9    2.6   -0.3 |5216677
	   9.82  -0.18  -0.21 |   4.2    2.7   -0.5 |5237645
	   9.83  -0.15  -0.17 |   7.2    3.1   -0.5 |5258538
	   9.83  -0.11  -0.18 |  10.1    2.6   -0.5 |5279448
	   9.82  -0.14  -0.27 |  13.2    2.0   -0.6 |5300339
	   9.80  -0.15  -0.26 |  16.3    1.5   -0.5 |5321187
	   9.84  -0.15  -0.21 |  19.3    0.8   -0.9 |5342048
	   9.84  -0.14  -0.22 |  22.4   -0.1   -0.7 |5362973
	   9.85  -0.12  -0.21 |  25.0   -0.7   -0.5 |5384067
	   9.83  -0.17  -0.18 |  27.5   -1.8   -0.8 |5404962
	   9.81  -0.10  -0.18 |  29.7   -2.4   -1.0 |5425877
	   9.84  -0.12  -0.14 |  31.9   -3.1   -1.0 |5446779
	   9.85  -0.11  -0.21 |  33.8   -3.5   -1.2 |5467717
	   9.87  -0.08  -0.24 |  35.5   -3.5   -1.1 |5488631
	   9.86  -0.15  -0.28 |  37.5   -2.9   -1.2 |5509517
	   9.88  -0.10  -0.26 |  39.4   -2.1   -1.5 |5530411
	   9.91  -0.12  -0.28 |  40.2   -1.0   -1.5 |5551371
	   9.88  -0.04  -0.20 |  41.3   -0.1   -1.4 |5572273
	   9.85  -0.07  -0.26 |  41.9    0.9   -1.5 |5593159
	   9.91  -0.07  -0.21 |  42.5    1.6   -1.4 |5614015
	   9.85  -0.05  -0.19 |  42.5    2.0   -1.5 |5634963
	   9.83  -0.08  -0.23 |  42.4    2.3   -1.5 |5656014
	   9.87  -0.05  -0.28 |  42.2    2.3   -1.2 |5676898
	   9.86  -0.04  -0.17 |  41.9    2.4   -1.3 |5697767
	   9.89  -0.05  -0.22 |  41.4    2.0   -1.3 |5718652
	   9.85  -0.05  -0.22 |  40.4    1.6   -1.0 |5739691
	   9.84  -0.01  -0.28 |  39.1    0.7   -1.0 |5760579
	   9.83  -0.02  -0.25 |  37.7   -0.3   -1.0 |5781462
	   9.78   0.00  -0.17 |  35.9   -1.5   -1.0 |5802358
	   9.84  -0.03  -0.28 |  33.7   -2.6   -1.0 |5823332
	   9.79  -0.03  -0.21 |  31.9   -3.3   -0.9 |5844209
	   9.85  -0.01  -0.29 |  29.6   -3.3   -0.9 |5865142
	   9.83   0.01  -0.24 |  27.6   -3.1   -0.9 |5886087
	   9.82   0.03  -0.25 |  25.2   -2.6   -1.1 |5907117
	   9.83  -0.04  -0.24 |  22.3   -2.0   -1.0 |5927989
	   9.80   0.02  -0.27 |  19.7   -1.6   -0.6 |5948883
	   9.84   0.03  -0.22 |  16.7   -0.7   -0.7 |5969754
	   9.88   0.02  -0.24 |  13.5    0.0   -0.5 |5990632
	   9.85  -0.01  -0.27 |  10.5    0.8   -0.5 |6011519
	   9.88   0.04  -0.22 |   7.2    1.7   -0.4 |6032392
	   9.84  -0.01  -0.24 |   4.2    2.4   -0.2 |6053240
	   9.88  -0.00  -0.26 |   1.0    3.1   -0.1 |6074114
	   9.83  -0.04  -0.21 |  -2.0    3.3   -0.2 |6095168
	   9.83  -0.01  -0.18 |  -5.2    3.1    0.0 |6116091
	   9.84  -0.00  -0.24 |  -8.8    2.3    0.1 |6136956
	   9.78  -0.04  -0.15 | -11.6    1.5    0.0 |6157825
	   9.83  -0.04  -0.19 | -14.6    0.5    0.1 |6178672
	   9.82  -0.01  -0.21 | -17.7   -0.5    0.2 |6199699
	   9.80  -0.04  -0.23 | -20.7   -1.2    0.4 |6220597
	   9.83  -0.02  -0.23 | -23.5   -1.8    0.3 |6241679
	   9.82  -0.08  -0.24 | -25.8   -1.9    0.5 |6262633
	   9.85  -0.04  -0.18 | -28.0   -2.2    0.6 |6283655
	   9.83  -0.05  -0.25 | -30.6   -2.3    0.9 |6304581
	   9.82  -0.07  -0.26 | -32.7   -2.0    0.8 |6325465
	   9.84  -0.06  -0.22 | -34.9   -1.7    0.8 |6346339
	   9.85  -0.06  -0.26 | -36.6   -0.9    0.9 |6367271
	   9.86  -0.08  -0.30 | -38.0   -0.1    1.2 |6388128
	   9.88  -0.09  -0.32 | -39.4    1.1    1.0 |6408980
	   9.87  -0.08  -0.28 | -40.2    2.3    0.8 |6429871
	   9.83  -0.12  -0.23 | -40.8    3.1    1.0 |6450786
	   9.91  -0.14  -0.24 | -41.3    3.7    0.9 |6472362
	   9.86  -0.12  -0.18 | -42.0    3.7    1.0 |6493252
	   9.82  -0.11  -0.24 | -42.0    3.2    0.8 |6514104
	   9.82  -0.13  -0.28 | -41.9    2.8    0.9 |6535055
	   9.86  -0.14  -0.23 | -41.9    2.3    0.7 |6555942
	   9.87  -0.13  -0.15 | -41.1    1.6    0.7 |6576797
	   9.81  -0.20  -0.29 | -40.3    0.7    0.9 |6597644
	   9.81  -0.18  -0.18 | -38.9    0.2    0.9 |6618511
	   9.85  -0.16  -0.11 | -37.5   -0.4    0.7 |6639956
	   9.85  -0.18  -0.21 | -36.0   -1.3    0.9 |6660882
	   9.83  -0.17  -0.18 | -34.3   -2.0    0.7 |6681787
	   9.83  -0.15  -0.26 | -32.3   -2.3    0.7 |6702664
	   9.88  -0.19  -0.22 | -30.4   -2.4    0.9 |6723635
	   9.85  -0.16  -0.27 | -28.1   -2.0    0.7 |6744524
	   9.86  -0.19  -0.25 | -25.9   -1.4    0.8 |6765431
	   9.83  -0.20  -0.30 | -23.1   -0.4    0.7 |6786323
	   9.90  -0.20  -0.22 | -20.3    0.9    0.4 |6807257
	   9.85  -0.22  -0.28 | -17.2    1.7    0.5 |6828095
	   9.83  -0.22  -0.30 | -14.4    2.0    0.2 |6848979
	   9.85  -0.20  -0.23 | -11.4    2.4    0.2 |6869876
	   9.81  -0.19  -0.24 |  -8.4    2.7    0.0 |6890773
	   9.82  -0.17  -0.24 |  -5.4    2.6    0.1 |6911836
	   9.79  -0.18  -0.20 |  -2.3    2.7   -0.2 |6932806
	   9.78  -0.19  -0.23 |   1.0    2.1   -0.1 |6953709
	   9.79  -0.19  -0.21 |   4.6    1.5   -0.2 |6974572
	   9.84  -0.19  -0.18 |   7.8    1.0   -0.3 |6995440
	   9.82  -0.19  -0.14 |  10.6    0.1   -0.3 |7016340
	   9.85  -0.17  -0.22 |  13.6   -1.1   -0.2 |7037264
	   9.84  -0.18  -0.16 |  16.4   -2.0   -0.4 |7058131
	   9.83  -0.18  -0.17 |  19.2   -2.7   -0.5 |7079037
	   9.83  -0.17  -0.19 |  21.8   -3.1   -0.5 |7099932
	   9.82  -0.18  -0.22 |  24.7   -3.1   -0.8 |7121320
	   9.88  -0.17  -0.29 |  27.3   -2.7   -0.7 |7142361
	   9.85  -0.17  -0.28 |  30.0   -2.0   -0.9 |7163249
	   9.87  -0.13  -0.26 |  31.9   -1.2   -1.2 |7184112
	   9.84  -0.13  -0.20 |  33.9   -0.7   -1.1 |7205000
	   9.89  -0.13  -0.24 |  35.4    0.2   -1.2 |7225896
	   9.84  -0.13  -0.30 |  37.2    0.7   -1.3 |7246808
	   9.87  -0.12  -0.26 |  38.3    1.4   -1.2 |7267720
	   9.91  -0.12  -0.24 |  39.4    2.1   -1.2 |7288654
	   9.84  -0.08  -0.23 |  40.4    2.6   -1.3 |7309559
	   9.86  -0.10  -0.19 |  41.1    2.4   -1.3 |7330423
	   9.83  -0.06  -0.20 |  41.8    2.4   -1.3 |7351303
	   9.84  -0.06  -0.23 |  42.1    1.8   -1.2 |7372166
	   9.78  -0.05  -0.20 |  41.7    1.0   -1.1 |7393064
	   9.81  -0.07  -0.18 |  41.8    0.1   -1.2 |7413968
	   9.80  -0.04  -0.28 |  40.8   -0.8   -1.0 |7434871
	   9.85  -0.06  -0.21 |  40.2   -1.5   -1.1 |7456009
	   9.80  -0.03  -0.20 |  38.9   -2.1   -1.1 |7477190
	   9.83  -0.03  -0.20 |  37.8   -2.7   -1.2 |7498074
	   9.83  -0.00  -0.21 |  36.6   -2.7   -1.0 |7518941
	   9.88  -0.01  -0.17 |  35.0   -2.4   -1.0 |7539906
	   9.87  -0.01  -0.21 |  33.3   -2.3   -1.1 |7560879
	   9.88  -0.01  -0.24 |  31.1   -1.9   -0.9 |7581808
	   9.86   0.05  -0.31 |  28.8   -1.0   -1.0 |7602724
	   9.85   0.02  -0.22 |  26.2   -0.5   -0.9 |7623680
	   9.85   0.06  -0.25 |  23.6    0.5   -0.8 |7644571
	   9.87   0.05  -0.33 |  20.9    1.3   -0.5 |7665784
	   9.85   0.02  -0.22 |  18.3    1.8   -0.4 |7686754
	   9.84   0.05  -0.20 |  15.6    2.5   -0.5 |7707733
	   9.83   0.02  -0.22 |  12.8    2.7   -0.4 |7728601
	   9.81   0.06  -0.26 |   9.7    2.6   -0.4 |7749514
	   9.85   0.06  -0.15 |   6.6    2.1   -0.1 |7770414
	   9.86   0.06  -0.13 |   3.1    1.5   -0.2 |7791458
	   9.83   0.09  -0.21 |  -0.2    0.8   -0.1 |7812341
	   9.85   0.03  -0.22 |  -3.2   -0.1   -0.1 |7833252
	   9.79   0.04  -0.20 |  -6.8   -0.9    0.1 |7854109
	   9.80   0.03  -0.26 |  -9.5   -1.8    0.2 |7875033
	   9.82   0.01  -0.15 | -12.3   -2.1    0.2 |7896004
	   9.84   0.04  -0.22 | -15.2   -2.3    0.1 |7916889
	   9.82   0.03  -0.21 | -17.9   -2.5    0.2 |7937765
	   9.81   0.05  -0.27 | -20.8   -2.6    0.4 |7958639
	   9.81   0.06  -0.24 | -23.6   -2.3    0.5 |7980154
	   9.86   0.03  -0.26 | -26.4   -1.5    0.7 |8001063
	   9.88   0.03  -0.25 | -28.9   -1.0    0.5 |8021940
	   9.86   0.03  -0.24 | -30.9   -0.1    0.8 |8042812
	   9.86   0.04  -0.23 | -32.9    0.7    0.9 |8063798
	   9.89   0.00  -0.22 | -34.4    1.5    0.9 |8084740
	   9.83   0.01  -0.25 | -36.1    2.3    0.9 |8105655
	   9.86  -0.01  -0.33 | -37.6    2.6    1.0 |8126526
	   9.89  -0.03  -0.20 | -38.8    2.4    1.0 |8147446
	   9.84  -0.00  -0.23 | -39.9    2.4    0.9 |8168315
	   9.75  -0.02  -0.20 | -40.8    2.0    0.9 |8189202
	   9.81  -0.05  -0.20 | -41.4    1.3    0.7 |8210279
	   9.81  -0.01  -0.21 | -41.6    0.6    0.9 |8231344
	   9.84  -0.04  -0.23 | -41.4   -0.3    0.9 |8252242
	   9.85  -0.05  -0.18 | -40.8   -1.0    0.9 |8273092
	   9.86  -0.02  -0.18 | -40.8   -1.6    0.9 |8294004
	   9.87  -0.03  -0.17 | -40.0   -2.0    0.9 |8314907
	   9.81  -0.07  -0.20 | -39.4   -2.5    1.0 |8335869
	   9.83  -0.06  -0.23 | -38.2   -2.3    0.9 |8356740
	   9.87  -0.09  -0.25 | -36.9   -2.3    1.0 |8377609
	   9.86  -0.14  -0.25 | -35.3   -1.7    0.9 |8398472
	   9.87  -0.14  -0.29 | -33.6   -1.2    0.8 |8419355
	   9.87  -0.10  -0.21 | -31.6   -0.4    0.9 |8440263
	   9.86  -0.11  -0.26 | -29.1    0.7    0.6 |8461170
	   9.85  -0.15  -0.32 | -26.8    1.4    0.7 |8482043
	   9.84  -0.14  -0.27 | -24.7    2.2    0.5 |8502958
	   9.81  -0.15  -0.28 | -21.7    2.4    0.5 |8523997
	   9.81  -0.19  -0.31 | -19.2    2.9    0.3 |8545388
	   9.78  -0.12  -0.25 | -16.2    2.6    0.2 |8566309
	   9.83  -0.13  -0.18 | -13.3    2.1    0.1 |8587271
	   9.78  -0.15  -0.23 | -10.4    1.8   -0.1 |8608179
	   9.85  -0.15  -0.19 |  -7.3    1.1    0.1 |8629098
	   9.82  -0.15  -0.27 |  -3.8    0.5   -0.1 |8649949
	   9.82  -0.16  -0.15 |  -1.2   -0.6   -0.4 |8670800
	   9.79  -0.16  -0.18 |   1.8   -1.1   -0.2 |8691743
	   9.80  -0.20  -0.15 |   4.9   -2.0   -0.2 |8712617
	   9.79  -0.19  -0.25 |   8.1   -2.3   -0.3 |8733469
	   9.79  -0.16  -0.19 |  11.0   -2.5   -0.4 |8754377
	   9.85  -0.18  -0.26 |  14.0   -2.4   -0.6 |8775252
	   9.86  -0.15  -0.24 |  17.0   -2.2   -0.9 |8796150
	   9.83  -0.20  -0.26 |  19.8   -1.7   -0.7 |8816991
	   9.88  -0.17  -0.28 |  22.6   -1.0   -0.9 |8837878
	   9.88  -0.14  -0.30 |  25.3    0.0   -0.9 |8859505
	   9.86  -0.21  -0.20 |  27.6    0.3   -1.0 |8880444
	   9.85  -0.17  -0.31 |  29.8    1.1   -1.0 |8901374
	   9.87  -0.16  -0.18 |  32.0    1.6   -1.2 |8922258
	   9.86  -0.16  -0.25 |  33.8    1.8   -1.0 |8943132
	   9.85  -0.15  -0.28 |  35.6    2.0   -1.2 |8963984
	   9.80  -0.16  -0.18 |  37.2    2.0   -1.3 |8984844
	   9.82  -0.17  -0.23 |  38.5    1.6   -1.2 |9005715
	   9.81  -0.13  -0.21 |  39.7    1.2   -1.3 |9026649
	   9.84  -0.13  -0.23 |  40.5    0.4   -1.2 |9047687
	   9.77  -0.14  -0.24 |  41.0   -0.5   -1.2 |9068550
	   9.81  -0.11  -0.14 |  41.0   -1.3   -1.2 |9089965
	   9.87  -0.13  -0.26 |  41.1   -2.1   -1.0 |9110880
	   9.81  -0.08  -0.19 |  41.3   -2.6   -1.2 |9131788
	   9.80  -0.08  -0.23 |  40.8   -2.9   -1.2 |9152680
	   9.87  -0.07  -0.26 |  40.3   -2.7   -1.3 |9173533
	   9.85  -0.11  -0.29 |  39.7   -2.4   -1.3 |9194458
	   9.86  -0.07  -0.32 |  38.6   -1.8   -1.3 |9215395
	   9.85  -0.11  -0.25 |  37.2   -1.4   -1.3 |9236285
	   9.84  -0.09  -0.31 |  35.8   -1.0   -1.3 |9257166
	   9.84  -0.05  -0.25 |  34.1   -0.5   -1.1 |9278035
	   9.89  -0.05  -0.19 |  32.0    0.5   -1.0 |9298885
	   9.84  -0.04  -0.29 |  30.2    1.2   -1.0 |9319733
	   9.85  -0.06  -0.23 |  28.0    1.5   -1.0 |9340589
	   9.84  -0.06  -0.26 |  25.6    2.4   -0.9 |9361626
	   9.84  -0.04  -0.27 |  23.2    2.5   -0.8 |9382545
	   9.86  -0.05  -0.22 |  20.6    2.6   -0.7 |9403460
	   9.77  -0.07  -0.20 |  17.7    1.9   -0.5 |9424324
	   9.84  -0.05  -0.21 |  14.5    1.1   -0.5 |9445176
	   9.82   0.00  -0.16 |  11.6    0.1   -0.4 |9466017
	   9.80  -0.00  -0.25 |   8.7   -0.5   -0.4 |9486855
	   9.82  -0.03  -0.25 |   5.6   -1.0   -0.4 |9507702
	   9.78   0.01  -0.15 |   2.6   -1.5   -0.2 |9528582
	   9.80  -0.05  -0.16 |  -0.4   -1.8   -0.1 |9549531
	   9.84  -0.01  -0.19 |  -3.5   -1.8    0.0 |9570445
	   9.83  -0.01  -0.26 |  -6.8   -2.0    0.0 |9591452
	   9.85  -0.03  -0.25 |  -9.8   -1.8   -0.1 |9612356
	   9.84  -0.02  -0.23 | -12.9   -1.6    0.1 |9633223
	   9.86  -0.01  -0.26 | -15.8   -0.8    0.2 |9654136
	   9.84  -0.06  -0.30 | -18.7   -0.2    0.4 |9675303
	   9.86  -0.01  -0.27 | -21.2    0.9    0.5 |9696177
	   9.88  -0.02  -0.29 | -24.0    1.8    0.5 |9717052
	   9.85  -0.05  -0.24 | -26.2    2.5    0.5 |9737923
	   9.86  -0.01  -0.16 | -28.4    2.9    0.7 |9758807
	   9.88  -0.05  -0.23 | -30.6    2.9    0.8 |9779694
	   9.85  -0.09  -0.21 | -32.8    2.7    0.9 |9800600
	   9.83  -0.04  -0.26 | -34.8    2.3    0.7 |9821477
	   9.85  -0.04  -0.17 | -36.4    2.0    0.5 |9842347
	   9.81  -0.09  -0.21 | -37.6    1.6    0.8 |9863271
	   9.87  -0.06  -0.23 | -38.6    0.9    0.8 |9884205
	   9.84  -0.06  -0.17 | -39.7    0.4    0.9 |9905486
	   9.86  -0.06  -0.19 | -40.3   -0.4    0.9 |9926381
	   9.83  -0.08  -0.30 | -40.6   -0.9    0.7 |9947264
	   9.84  -0.06  -0.16 | -40.8   -1.9    1.0 |9970834
	   9.84  -0.09  -0.28 | -41.1   -1.8    0.9 |9991888
	   9.84  -0.10  -0.19 | -40.9   -2.0    1.0 |10012767
	   9.88  -0.12  -0.24 | -40.3   -1.5    1.1 |10033635
	   9.88  -0.10  -0.22 | -39.6   -0.9    1.2 |10054496
	   9.91  -0.13  -0.30 | -38.6   -0.2    1.2 |10075452
	   9.85  -0.16  -0.25 | -37.0    0.7    0.9 |10096356
	   9.88  -0.16  -0.30 | -35.9    1.2    1.0 |10117243
	   9.88  -0.14  -0.22 | -34.1    1.9    1.0 |10138160
	   9.86  -0.11  -0.16 | -32.5    2.2    1.0 |10159058
	   9.88  -0.16  -0.27 | -30.6    2.4    0.7 |10179931
	   9.86  -0.14  -0.20 | -28.7    2.4    0.5 |10200828
	   9.83  -0.14  -0.18 | -26.0    2.5    0.5 |10221739
	   9.82  -0.17  -0.21 | -23.9    2.3    0.5 |10242671
	   9.82  -0.16  -0.24 | -21.0    1.5    0.4 |10263588
	   9.77  -0.17  -0.23 | -18.1    0.7    0.2 |10284470
	   9.84  -0.14  -0.14 | -15.3    0.1    0.2 |10305347
	   9.80  -0.17  -0.16 | -12.6   -0.6    0.2 |10326607
	   9.82  -0.16  -0.15 |  -9.7   -1.7    0.2 |10347505
	   9.86  -0.15  -0.23 |  -6.7   -2.2    0.1 |10368371
	   9.82  -0.11  -0.22 |  -3.8   -2.3    0.1 |10389285
	   9.86  -0.19  -0.19 |  -0.4   -2.4   -0.1 |10410162
	   9.88  -0.17  -0.23 |   2.7   -2.1   -0.1 |10431066
	   9.88  -0.11  -0.24 |   5.9   -1.8   -0.2 |10451892
	   9.84  -0.17  -0.25 |   9.0   -1.0   -0.2 |10472737
	   9.85  -0.11  -0.28 |  12.0   -0.6   -0.6 |10493589
	   9.84  -0.13  -0.21 |  14.8   -0.1   -0.5 |10514454
	   9.85  -0.11  -0.25 |  17.5    0.5   -0.8 |10535384
	   9.84  -0.11  -0.23 |  20.0    1.2   -0.9 |10556327
	   9.84  -0.10  -0.31 |  22.9    2.0   -0.9 |10577543
	   9.83  -0.17  -0.27 |  25.3    2.1   -1.0 |10598458
	   9.83  -0.09  -0.17 |  27.6    2.1   -1.0 |10619383
	   9.83  -0.11  -0.25 |  30.1    2.1   -1.1 |10640235
	   9.80  -0.13  -0.24 |  32.4    1.4   -1.0 |10661079
	   9.83  -0.09  -0.23 |  34.1    0.8   -0.9 |10681974
	   9.81  -0.07  -0.16 |  35.5    0.0   -0.9 |10702902
	   9.79  -0.05  -0.21 |  36.7   -0.7   -1.0 |10723870
	   9.82  -0.07  -0.24 |  37.8   -1.3   -1.0 |10744778
	   9.85  -0.05  -0.21 |  38.9   -2.1   -1.2 |10765639
	   9.86  -0.04  -0.21 |  39.7   -2.1   -1.3 |10786539
	   9.86  -0.03  -0.28 |  40.5   -2.3   -1.2 |10807435
	   9.84  -0.02  -0.33 |  40.8   -2.5   -1.3 |10828294
	   9.87  -0.03  -0.34 |  41.1   -2.3   -1.3 |10849160
	   9.88   0.00  -0.22 |  40.6   -1.9   -1.3 |10870045
	   9.89  -0.01  -0.28 |  40.2   -1.3   -1.4 |10891163
	   9.87  -0.02  -0.28 |  39.4   -0.7   -1.3 |10912096
	   9.86   0.02  -0.27 |  38.5    0.3   -1.3 |10932954
	   9.86   0.00  -0.22 |  37.4    0.8   -1.3 |10953832
	   9.82  -0.05  -0.23 |  36.3    1.5   -1.2 |10974700
	   9.81  -0.01  -0.24 |  34.9    2.1   -1.2 |10995629
	   9.80  -0.02  -0.22 |  33.1    2.1   -1.1 |11016661
	   9.83  -0.02  -0.27 |  31.4    1.9   -0.8 |11037530
	   9.83   0.00  -0.17 |  29.2    1.5   -0.9 |11058409
	   9.80   0.06  -0.22 |  26.9    1.3   -0.8 |11079306
	   9.80  -0.02  -0.13 |  24.4    0.5   -0.8 |11100156
	   9.75   0.02  -0.23 |  21.7    0.0   -0.6 |11120996
	   9.81   0.02  -0.23 |  19.2   -1.1   -0.5 |11141903
	   9.84   0.01  -0.15 |  16.6   -1.6   -0.4 |11162792
	   9.81   0.02  -0.20 |  13.7   -1.8   -0.5 |11183677
	   9.83   0.04  -0.20 |  10.8   -2.3   -0.4 |11204708
	   9.82   0.09  -0.28 |   7.9   -2.5   -0.4 |11225639
	   9.88   0.02  -0.15 |   4.8   -2.4   -0.3 |11246514
	   9.81  -0.01  -0.23 |   1.6   -2.3   -0.2 |11267400
	   9.82   0.03  -0.20 |  -1.6   -1.6   -0.1 |11288275
	   9.84   0.00  -0.24 |  -4.3   -0.7   -0.1 |11309141
	   9.82   0.02  -0.25 |  -7.3   -0.1    0.0 |11329995
	   9.85   0.05  -0.22 | -10.4    0.7    0.1 |11351085
	   9.83   0.03  -0.22 | -13.1    1.0    0.2 |11372017
	   9.84   0.00  -0.21 | -15.9    1.7    0.4 |11392969
	   9.82   0.01  -0.18 | -18.8    1.9    0.2 |11413863
	   9.83   0.02  -0.28 | -21.6    2.2    0.6 |11434744
	   9.79   0.01  -0.22 | -24.4    2.0    0.5 |11455630
	   9.84  -0.01  -0.22 | -26.6    1.7    0.5 |11476547
	   9.83  -0.04  -0.17 | -28.8    1.2    0.5 |11497409
	   9.80   0.01  -0.23 | -30.7    0.7    0.7 |11518273
	   9.81  -0.06  -0.19 | -32.5    0.0    0.6 |11539157
	   9.84  -0.06  -0.18 | -34.1   -0.8    0.7 |11560091
	   9.84  -0.03  -0.25 | -35.9   -1.4    0.7 |11581004
	   9.84  -0.05  -0.25 | -36.9   -2.0    0.7 |11601843
	   9.83  -0.07  -0.25 | -38.2   -1.8    0.8 |11622738
	   9.85  -0.04  -0.22 | -39.2   -2.0    1.0 |11643698
	   9.87  -0.09  -0.26 | -40.0   -2.0    1.0 |11664613
	   9.85  -0.09  -0.17 | -40.2   -1.5    1.0 |11685488
	   9.86  -0.08  -0.20 | -40.1   -0.9    0.9 |11706360
	   9.85  -0.13  -0.24 | -40.1    0.0    1.0 |11727299
	   9.85  -0.09  -0.26 | -39.6    0.8    1.1 |11748200
	   9.90  -0.11  -0.26 | -39.2    1.3    0.9 |11769119
	   9.86  -0.13  -0.23 | -38.7    1.8    0.9 |11790005
	   9.84  -0.10  -0.26 | -37.5    2.4    0.8 |11810915
	   9.85  -0.16  -0.22 | -36.6    2.5    0.7 |11831976
	   9.88  -0.16  -0.28 | -35.1    2.4    0.7 |11852841
	   9.82  -0.15  -0.19 | -33.4    2.4    0.9 |11873685
	   9.83  -0.18  -0.13 | -31.6    2.2    0.6 |11894562
	   9.83  -0.21  -0.27 | -29.4    1.5    0.6 |11915481
	   9.83  -0.18  -0.25 | -27.5    0.9    0.3 |11936394
	   9.80  -0.16  -0.18 | -25.3    0.2    0.4 |11957278
	   9.79  -0.18  -0.14 | -22.8   -0.5    0.4 |11978149
	   9.83  -0.17  -0.19 | -20.3   -1.2    0.5 |11999045
	   9.82  -0.14  -0.20 | -17.7   -1.5    0.5 |12019927
	   9.80  -0.17  -0.28 | -14.6   -2.1    0.3 |12040780
	   9.81  -0.21  -0.25 | -11.9   -1.8    0.2 |12061646
	   9.90  -0.21  -0.28 |  -8.7   -1.4    0.1 |12082505
	   9.87  -0.19  -0.26 |  -5.9   -1.5    0.0 |12103362
	   9.84  -0.21  -0.24 |  -2.7   -1.0    0.0 |12124234
	   9.87  -0.19  -0.27 |   0.1   -0.1   -0.1 |12145160
	   9.81  -0.17  -0.18 |   3.2    0.5   -0.3 |12166037
	   9.86  -0.24  -0.31 |   6.0    1.2   -0.3 |12186941
	   9.84  -0.21  -0.28 |   9.2    1.4   -0.5 |12207907
	   9.80  -0.20  -0.22 |  12.0    1.9   -0.6 |12228805
	   9.86  -0.22  -0.27 |  15.0    2.0   -0.5 |12249749
	   9.84  -0.16  -0.21 |  17.9    1.7   -0.6 |12270630
	   9.84  -0.19  -0.29 |  20.6    1.5   -0.5 |12291515
	   9.79  -0.17  -0.22 |  23.1    1.2   -0.5 |12312405
	   9.81  -0.18  -0.23 |  25.3    0.7   -0.9 |12333276
	   9.81  -0.17  -0.24 |  27.4   -0.1   -0.7 |12354129
	   9.78  -0.16  -0.19 |  29.6   -0.9   -0.7 |12375122
	   9.80  -0.18  -0.15 |  31.4   -1.7   -0.8 |12396018
	   9.82  -0.16  -0.26 |  33.3   -2.1   -1.0 |12416891
	   9.83  -0.15  -0.22 |  35.0   -2.4   -1.0 |12437921
	   9.87  -0.14  -0.19 |  36.6   -2.6   -1.0 |12458801
	   9.89  -0.09  -0.21 |  37.7   -2.3   -1.1 |12479969
	   9.84  -0.14  -0.30 |  38.5   -1.8   -1.3 |12500868
	   9.86  -0.12  -0.26 |  39.2   -1.2   -1.1 |12521777
	   9.84  -0.12  -0.29 |  39.7   -0.9   -1.2 |12542678
	   9.86  -0.09  -0.22 |  39.9   -0.4   -1.3 |12563606
	   9.84  -0.15  -0.30 |  40.2    0.4   -1.3 |12584465
	   9.87  -0.11  -0.29 |  39.9    0.7   -1.3 |12605316
	   9.90  -0.09  -0.20 |  39.4    1.5   -1.3 |12626182
	   9.90  -0.06  -0.29 |  38.7    1.8   -1.3 |12647072
	   9.89  -0.08  -0.26 |  38.0    2.0   -1.3 |12667947
	   9.81  -0.06  -0.19 |  36.7    2.3   -1.0 |12688799
	   9.79  -0.06  -0.13 |  35.3    1.6   -1.0 |12709621
	   9.83  -0.06  -0.23 |  33.9    0.9   -1.0 |12730507
	   9.82  -0.06  -0.19 |  31.9    0.4   -0.9 |12751380
	   9.84  -0.00  -0.18 |  30.4   -0.3   -1.0 |12772244
	   9.83  -0.04  -0.19 |  28.4   -0.9   -0.7 |12793085
	   9.84   0.02  -0.22 |  26.2   -1.2   -0.9 |12813918
	   9.82   0.01  -0.24 |  24.0   -1.5   -0.9 |12834752
	   9.84  -0.01  -0.22 |  21.4   -1.8   -0.7 |12855666
	   9.83  -0.01  -0.18 |  18.6   -1.6   -0.8 |12876552
	   9.82   0.02  -0.30 |  16.0   -1.5   -0.5 |12897433
	   9.87   0.02  -0.23 |  13.0   -1.8   -0.5 |12918282
	   9.86   0.02  -0.23 |  10.0   -1.1   -0.5 |12939164
	   9.83   0.03  -0.30 |   7.2   -0.5   -0.2 |12960013
	   9.88   0.02  -0.26 |   4.5    0.3   -0.3 |12980861
	   9.82   0.02  -0.33 |   1.2    1.2   -0.2 |13001701
	   9.84   0.01  -0.24 |  -1.6    1.8   -0.1 |13022511
	   9.84   0.00  -0.22 |  -4.8    2.3   -0.1 |13043357
	   9.82   0.01  -0.21 |  -7.8    2.4    0.0 |13064210
	   9.82   0.02  -0.19 | -10.8    2.2    0.2 |13085051
	   9.81   0.02  -0.26 | -13.6    2.1    0.2 |13105890
	   9.84   0.04  -0.22 | -16.4    1.6    0.3 |13126730
	   9.83   0.04  -0.21 | -19.1    1.1    0.4 |13147570
	   9.85   0.00  -0.15 | -21.7    0.9    0.4 |13168395
	   9.81   0.01  -0.20 | -24.0    0.1    0.3 |13189250
	   9.82  -0.01  -0.23 | -26.3   -0.2    0.4 |13210132
	   9.82  -0.00  -0.25 | -28.6   -0.9    0.7 |13231051
	   9.83  -0.01  -0.21 | -30.8   -1.4    0.6 |13251918
	   9.86  -0.00  -0.26 | -32.5   -1.6    0.9 |13272767
	   9.85  -0.05  -0.25 | -34.2   -2.0    0.9 |13293613
	   9.86  -0.03  -0.27 | -35.8   -1.8    0.9 |13314461
	   9.90   0.01  -0.18 | -36.7   -1.3    1.0 |13335374
	   9.85  -0.01  -0.23 | -37.8   -0.7    1.0 |13356218
	   9.87   0.02  -0.27 | -38.5    0.2    1.2 |13377062
	   9.82  -0.07  -0.26 | -39.0    0.9    1.0 |13397947
	   9.82  -0.05  -0.25 | -39.7    1.5    1.0 |13418793
	   9.87  -0.07  -0.27 | -39.9    1.6    1.0 |13439735
	   9.86  -0.06  -0.25 | -40.0    1.8    0.9 |13460589
	   9.82  -0.05  -0.21 | -39.7    1.8    0.9 |13481429
	   9.84  -0.08  -0.22 | -38.9    2.0    0.9 |13502266
	   9.79  -0.01  -0.24 | -38.2    2.0    0.9 |13523103
	   9.86  -0.08  -0.22 | -37.0    1.8    0.9 |13543969
	   9.83  -0.08  -0.26 | -35.8    1.0    0.9 |13564838
	   9.83  -0.08  -0.26 | -34.4    0.5    0.6 |13585686
	   9.83  -0.07  -0.21 | -33.1   -0.4    0.6 |13606563
	   9.86  -0.13  -0.21 | -31.2   -0.9    0.6 |13627500
	   9.81  -0.10  -0.22 | -29.2   -1.6    0.7 |13648395
	   9.85  -0.08  -0.25 | -27.2   -2.1    0.7 |13669262
	   9.84  -0.13  -0.25 | -24.9   -2.1    0.5 |13690109
	   9.84  -0.13  -0.24 | -22.5   -1.8    0.5 |13711168
	   9.84  -0.11  -0.28 | -19.8   -1.5    0.5 |13732642
	   9.85  -0.14  -0.20 | -17.3   -1.0    0.5 |13753612
	   9.85  -0.15  -0.21 | -14.5   -0.5    0.2 |13774526
	   9.86  -0.14  -0.30 | -11.5    0.0    0.1 |13795648
	   9.80  -0.13  -0.26 |  -8.5    0.6    0.1 |13816557
	   9.83  -0.17  -0.25 |  -5.8    0.9   -0.1 |13837403
	   9.86  -0.14  -0.25 |  -2.7    1.2    0.1 |13858260
	   9.88  -0.14  -0.27 |   0.3    1.7   -0.2 |13879141
	   9.82  -0.15  -0.25 |   3.4    2.0   -0.4 |13900038
	   9.85  -0.14  -0.13 |   6.6    1.8   -0.4 |13920914
	   9.82  -0.16  -0.14 |   9.4    1.3   -0.5 |13941766
	   9.80  -0.14  -0.18 |  12.1    1.0   -0.4 |13962788
	   9.80  -0.15  -0.23 |  15.1    0.4   -0.7 |13983766
	   9.83  -0.14  -0.21 |  17.5   -0.3   -0.8 |14004634
	   9.79  -0.13  -0.21 |  20.4   -1.3   -0.6 |14025532
	   9.80  -0.13  -0.20 |  22.8   -1.7   -0.7 |14046386
	   9.83  -0.14  -0.21 |  25.1   -2.1   -0.9 |14067237
	   9.83  -0.11  -0.24 |  27.5   -2.0   -0.9 |14088082
	   9.84  -0.16  -0.21 |  29.7   -2.0   -1.0 |14108923
	   9.84  -0.13  -0.23 |  31.5   -2.0   -1.1 |14129749
	   9.81  -0.11  -0.21 |  33.3   -1.8   -1.2 |14150613
	   9.85  -0.09  -0.27 |  34.7   -1.4   -1.1 |14171485
	   9.88  -0.09  -0.35 |  36.1   -1.0   -1.3 |14192334
	   9.87  -0.11  -0.34 |  37.2   -0.2   -1.4 |14213199
	   9.87  -0.11  -0.26 |  38.0    0.3   -1.4 |14234113
	   9.89  -0.10  -0.26 |  38.9    1.0   -1.3 |14255108
	   9.88  -0.12  -0.24 |  39.4    1.5   -1.3 |14275985
	   9.84  -0.08  -0.20 |  39.9    1.6   -1.3 |14296840
	   9.83  -0.04  -0.26 |  39.7    1.8   -1.3 |14317687
	   9.84  -0.07  -0.25 |  39.7    1.1   -1.3 |14338528
	   9.81  -0.04  -0.17 |  38.9    0.7   -1.2 |14359368
	   9.83  -0.06  -0.21 |  38.3    0.2   -1.0 |14380180
	   9.85  -0.04  -0.23 |  37.5    0.0   -1.1 |14401021
	   9.80  -0.08  -0.23 |  36.3   -0.9   -1.2 |14421874
	   9.83  -0.07  -0.23 |  35.2   -1.2   -1.0 |14442720
	   9.84  -0.03  -0.24 |  33.9   -1.6   -1.0 |14463598
	   9.82  -0.07  -0.20 |  32.3   -2.1   -1.0 |14484448
	   9.82  -0.03  -0.26 |  30.2   -2.3   -0.9 |14505287
	   9.85   0.00  -0.22 |  28.1   -2.3   -0.9 |14526119
	   9.85  -0.03  -0.30 |  25.9   -2.5   -0.9 |14547097
	   9.85   0.00  -0.27 |  23.4   -1.8   -0.9 |14567986
	   9.86   0.02  -0.24 |  21.2   -1.2   -0.6 |14588840
	   9.82  -0.03  -0.26 |  18.6   -0.6   -0.7 |14609685
	   9.83  -0.03  -0.31 |  16.1    0.2   -0.5 |14630528
	   9.86  -0.00  -0.24 |  13.5    0.8   -0.7 |14651381
	   9.85  -0.08  -0.21 |  10.6    1.2   -0.5 |14672239
	   9.82  -0.02  -0.24 |   7.6    1.4   -0.4 |14693117
	   9.85  -0.01  -0.19 |   4.3    1.5   -0.2 |14713962
	   9.82  -0.06  -0.22 |   1.4    1.6   -0.2 |14734797
	   9.84  -0.05  -0.24 |  -1.7    1.5   -0.2 |14755739
	   9.83  -0.05  -0.22 |  -4.5    1.2   -0.2 |14776583
	   9.85  -0.02  -0.25 |  -7.4    0.9    0.2 |14797742
	   9.79   0.01  -0.22 | -10.3    0.3    0.1 |14818619
	   9.83  -0.04  -0.17 | -13.1   -0.1    0.2 |14839473
	   9.81   0.03  -0.21 | -15.9   -0.9    0.2 |14860316
	   9.86  -0.05  -0.31 | -18.7   -1.6    0.2 |14881196
	   9.82  -0.06  -0.24 | -21.4   -1.7    0.3 |14902109
	   9.86  -0.03  -0.29 | -23.9   -1.8    0.5 |14922976
	   9.88  -0.08  -0.26 | -26.0   -1.5    0.5 |14943972
	   9.90  -0.03  -0.24 | -28.1   -1.3    0.5 |14964831
	   9.84  -0.07  -0.21 | -30.2   -0.7    0.7 |14988606
	   9.86  -0.05  -0.27 | -31.8   -0.1    0.8 |15009562
	   9.88  -0.04  -0.27 | -33.6    0.5    0.8 |15030433
	   9.85  -0.07  -0.27 | -35.1    1.0    0.7 |15051406
	   9.81  -0.12  -0.26 | -36.4    1.5    1.0 |15072293
	   9.84  -0.10  -0.27 | -37.4    2.0    0.9 |15093215
	   9.82  -0.08  -0.31 | -38.2    2.3    0.9 |15114082
	   9.88  -0.11  -0.27 | -39.0    2.6    0.9 |15134936
	   9.86  -0.10  -0.16 | -39.1    2.4    0.9 |15155920
	   9.84  -0.14  -0.24 | -39.2    2.4    0.9 |15176772
	   9.83  -0.16  -0.22 | -38.9    1.7    0.7 |15197613
	   9.85  -0.12  -0.20 | -38.6    1.1    0.9 |15218484
	   9.85  -0.11  -0.22 | -38.0    0.2    0.7 |15239372
	   9.80  -0.13  -0.18 | -37.4    0.0    0.9 |15260229
	   9.81  -0.15  -0.25 | -36.7   -0.6    0.7 |15281091
	   9.84  -0.14  -0.24 | -35.3   -1.1    0.7 |15301938
	   9.85  -0.15  -0.23 | -34.0   -1.3    0.8 |15322802
	   9.85  -0.17  -0.22 | -32.3   -1.6    1.0 |15343733
	   9.82  -0.18  -0.24 | -30.2   -0.9    0.7 |15364591
	   9.86  -0.18  -0.27 | -28.4   -0.8    0.9 |15385440
	   9.86  -0.21  -0.26 | -26.4   -0.7    0.6 |15406283
	   9.84  -0.16  -0.29 | -24.0   -0.1    0.5 |15427127
	   9.86  -0.17  -0.27 | -21.5    0.5    0.5 |15447963
	   9.87  -0.21  -0.22 | -19.3    1.0    0.5 |15468799
	   9.85  -0.19  -0.19 | -16.7    1.6    0.4 |15489802
	   9.81  -0.20  -0.23 | -13.9    2.0    0.3 |15510670
	   9.87  -0.18  -0.15 | -11.0    2.1    0.4 |15531624
	   9.85  -0.20  -0.21 |  -8.1    2.1    0.1 |15552541
	   9.83  -0.23  -0.20 |  -4.9    1.8    0.0 |15573426
	   9.85  -0.18  -0.26 |  -2.2    1.1    0.1 |15594282
	   9.83  -0.18  -0.17 |   0.5    0.8   -0.2 |15615123
	   9.79  -0.17  -0.26 |   3.4    0.3   -0.2 |15635985
	   9.84  -0.15  -0.20 |   6.3   -0.1   -0.2 |15656860
	   9.78  -0.14  -0.18 |   9.2   -0.9   -0.2 |15677704
	   9.79  -0.16  -0.23 |  12.3   -1.6   -0.2 |15698542
	   9.81  -0.18  -0.16 |  15.0   -1.8   -0.4 |15719382
	   9.83  -0.17  -0.24 |  17.7   -1.9   -0.7 |15740215
	   9.87  -0.14  -0.25 |  20.2   -1.6   -0.8 |15761080
	   9.82  -0.16  -0.24 |  22.5   -1.6   -0.8 |15781922
	   9.87  -0.11  -0.17 |  24.9   -1.5   -0.6 |15802759
	   9.83  -0.12  -0.28 |  27.1   -0.8   -0.9 |15823672
	   9.84  -0.16  -0.23 |  29.1   -0.4   -1.0 |15844521
	   9.84  -0.14  -0.17 |  30.9    0.1   -1.0 |15865355
	   9.85  -0.12  -0.25 |  32.7    0.9   -1.1 |15886221
	   9.88  -0.10  -0.24 |  34.4    1.2   -1.2 |15907093
	   9.86  -0.12  -0.24 |  35.6    1.5   -1.1 |15927942
	   9.84  -0.12  -0.26 |  36.8    1.6   -1.3 |15948784
	   9.83  -0.10  -0.22 |  37.5    1.7   -1.0 |15969626
	   9.82  -0.09  -0.23 |  38.3    1.3   -1.2 |15990477
	   9.84  -0.06  -0.16 |  38.7    1.0   -1.0 |16011444
	   9.84  -0.07  -0.19 |  38.9    0.4   -1.0 |16032303
	   9.83  -0.08  -0.21 |  38.6    0.1   -1.2 |16053149
	   9.87  -0.05  -0.21 |  38.6   -0.5   -1.0 |16073992
	   9.81  -0.03  -0.18 |  38.3   -1.0   -1.1 |16094835
	   9.82  -0.07  -0.27 |  37.7   -1.3   -1.1 |16115677
	   9.83  -0.03  -0.24 |  36.7   -1.7   -1.1 |16136516
	   9.82  -0.03  -0.24 |  35.7   -1.8   -1.2 |16157385
	   9.82  -0.00  -0.29 |  34.0   -1.5   -1.0 |16178231
	   9.83  -0.01  -0.20 |  32.7   -1.4   -1.0 |16199084
	   9.88   0.02  -0.30 |  31.2   -1.0   -1.2 |16220001
	   9.90  -0.01  -0.25 |  29.2   -0.5   -1.0 |16240889
	   9.86   0.00  -0.26 |  27.2    0.1   -0.9 |16261747
	   9.87   0.04  -0.27 |  25.3    0.5   -0.8 |16282594
	   9.85   0.04  -0.23 |  22.8    1.1   -0.8 |16303446
	   9.87   0.06  -0.29 |  20.6    1.5   -0.7 |16324285
	   9.81   0.03  -0.20 |  17.8    1.8   -0.5 |16345126
	   9.85   0.05  -0.27 |  15.1    2.0   -0.5 |16365966
	   9.82   0.06  -0.29 |  12.2    1.7   -0.5 |16386808
	   9.85   0.04  -0.21 |   9.6    1.3   -0.4 |16407706
	   9.80   0.04  -0.27 |   6.7    0.8   -0.4 |16428587
	   9.82   0.05  -0.17 |   3.8    0.5   -0.3 |16449436
	   9.83   0.04  -0.26 |   0.9    0.1   -0.1 |16470283
	   9.87   0.02  -0.26 |  -2.0   -0.6   -0.2 |16491117
	   9.81   0.06  -0.22 |  -4.9   -0.9   -0.1 |16511956
	   9.84   0.02  -0.24 |  -7.9   -1.4    0.1 |16532791
	   9.84   0.05  -0.28 | -11.0   -1.8    0.1 |16553657
	   9.81   0.02  -0.25 | -13.5   -1.9    0.2 |16574665
	   9.84   0.04  -0.25 | -16.2   -1.6    0.1 |16595891
	   9.87  -0.01  -0.23 | -18.9   -1.5    0.4 |16616795
	   9.84   0.04  -0.27 | -21.3   -0.6    0.4 |16637658
	   9.88  -0.02  -0.24 | -23.7   -0.1    0.5 |16658478
	   9.82   0.04  -0.26 | -25.8    0.3    0.7 |16679371
	   9.87   0.02  -0.21 | -27.8    0.9    0.7 |16700261
	   9.80   0.01  -0.26 | -30.1    1.3    0.5 |16721178
	   9.82  -0.00  -0.25 | -31.8    1.5    0.7 |16742076
	   9.85   0.00  -0.29 | -33.5    1.8    0.7 |16762961
	   9.82  -0.04  -0.25 | -34.7    1.5    0.8 |16783941
	   9.88  -0.00  -0.26 | -35.8    1.4    0.6 |16804819
	   9.88  -0.00  -0.20 | -36.7    1.2    0.6 |16825682
	   9.85  -0.05  -0.19 | -37.4    0.9    0.8 |16846546
	   9.83  -0.06  -0.17 | -37.9    0.3    0.9 |16867392
	   9.86  -0.05  -0.22 | -38.4   -0.2    0.9 |16888301
	   9.86  -0.03  -0.20 | -38.8   -0.5    0.8 |16909242
	   9.82  -0.06  -0.25 | -38.6   -1.3    0.9 |16930134
	   9.86  -0.10  -0.25 | -38.1   -1.9    0.9 |16951053
	   9.85  -0.10  -0.22 | -37.6   -1.6    0.8 |16971933
	   9.81  -0.08  -0.31 | -36.7   -1.7    0.9 |16992840
	   9.89  -0.07  -0.27 | -35.7   -1.0    0.9 |17013925
	   9.85  -0.09  -0.22 | -34.5   -0.8    0.9 |17034833
	   9.88  -0.10  -0.28 | -32.9   -0.5    0.8 |17055744
	   9.88  -0.13  -0.28 | -31.4   -0.1    0.7 |17076635
	   9.89  -0.12  -0.25 | -29.8    0.2    0.7 |17097538
	   9.81  -0.13  -0.26 | -27.7    0.9    0.7 |17118389
	   9.84  -0.12  -0.28 | -25.7    1.4    0.5 |17139324
	   9.85  -0.14  -0.22 | -23.3    1.7    0.5 |17160207
	   9.84  -0.17  -0.20 | -20.9    2.1    0.2 |17181073
	   9.84  -0.14  -0.22 | -18.7    2.1    0.2 |17201920
	   9.81  -0.17  -0.18 | -15.9    1.9    0.2 |17222862
	   9.85  -0.17  -0.15 | -13.4    1.4    0.2 |17243886
	   9.83  -0.18  -0.23 | -10.7    0.8    0.1 |17264774
	   9.84  -0.17  -0.18 |  -8.1    0.1   -0.1 |17285653
	   9.75  -0.16  -0.17 |  -5.0   -0.5    0.0 |17306502
	   9.84  -0.21  -0.19 |  -1.9   -1.0   -0.1 |17327379
	   9.84  -0.20  -0.16 |   0.9   -1.6   -0.1 |17348247
	   9.83  -0.14  -0.15 |   3.8   -1.6   -0.4 |17369139
	   9.85  -0.18  -0.19 |   7.0   -1.6   -0.4 |17390022
	   9.87  -0.19  -0.25 |   9.6   -1.7   -0.2 |17410894
	   9.85  -0.16  -0.22 |  12.3   -1.8   -0.5 |17431785
	   9.83  -0.17  -0.21 |  15.1   -1.5   -0.6 |17452861
	   9.88  -0.16  -0.24 |  17.6   -0.8   -0.5 |17473751
	   9.87  -0.17  -0.31 |  20.0   -0.3   -0.9 |17494605
	   9.85  -0.17  -0.27 |  22.6    0.1   -0.7 |17515502
	   9.86  -0.17  -0.32 |  25.1    0.8   -1.2 |17536407
	   9.86  -0.17  -0.26 |  27.3    1.1   -1.2 |17557280
	   9.82  -0.13  -0.29 |  29.4    1.3   -1.0 |17578177
	   9.84  -0.18  -0.22 |  30.9    1.3   -1.0 |17599090
	   9.85  -0.18  -0.21 |  32.7    1.2   -1.1 |17619973
	   9.83  -0.12  -0.16 |  33.9    0.7   -1.1 |17640833
	   9.82  -0.14  -0.16 |  35.2    0.2   -1.0 |17661763
	   9.82  -0.10  -0.28 |  36.1   -0.3   -1.1 |17682702
	   9.83  -0.12  -0.25 |  37.2   -0.7   -1.1 |17703739
	   9.84  -0.12  -0.22 |  37.8   -1.0   -1.1 |17724622
	   9.80  -0.11  -0.20 |  38.4   -1.4   -1.3 |17745482
	   9.86  -0.11  -0.19 |  38.5   -1.6   -1.2 |17766374
	   9.79  -0.12  -0.23 |  38.5   -2.1   -1.2 |17787259
	   9.81  -0.10  -0.20 |  38.1   -2.3   -1.3 |17808147
	   9.88  -0.09  -0.28 |  37.7   -2.3   -1.0 |17829019
	   9.85  -0.10  -0.29 |  36.9   -1.9   -1.1 |17849860
	   9.85  -0.09  -0.23 |  36.0   -1.5   -1.1 |17870759
	   9.87  -0.07  -0.21 |  35.2   -0.7   -1.1 |17891785
	   9.85  -0.08  -0.34 |  33.8    0.1   -1.2 |17912701
	   9.89  -0.01  -0.24 |  32.5    0.6   -1.2 |17933904
	   9.87  -0.06  -0.28 |  30.8    0.9   -1.2 |17954817
	   9.87  -0.06  -0.23 |  28.9    1.4   -0.9 |17975730
	   9.85  -0.08  -0.24 |  26.6    1.3   -0.8 |17996657
	   9.83  -0.03  -0.26 |  24.4    1.6   -0.7 |18017623
	   9.83  -0.01  -0.21 |  22.3    1.5   -0.7 |18038517
	   9.84  -0.02  -0.24 |  19.7    1.0   -0.6 |18059392
	   9.82  -0.05  -0.24 |  17.2    0.7   -0.7 |18080260
	   9.84  -0.03  -0.14 |  14.6    0.4   -0.5 |18101106
	   9.83  -0.02  -0.23 |  12.0   -0.2   -0.5 |18122005
	   9.82  -0.01  -0.15 |   8.9   -0.8   -0.3 |18142909
	   9.80  -0.00  -0.19 |   6.3   -1.2   -0.4 |18163998
	   9.85   0.01  -0.25 |   3.4   -1.5   -0.2 |18184931
	   9.84  -0.00  -0.22 |   0.2   -1.6   -0.4 |18205810
	   9.84  -0.07  -0.26 |  -2.7   -1.3   -0.1 |18226701
	   9.86  -0.05  -0.24 |  -5.4   -1.2    0.0 |18247615
	   9.83  -0.04  -0.23 |  -8.3   -0.7   -0.1 |18268490
	   9.84  -0.02  -0.23 | -11.0   -0.2    0.2 |18289362
	   9.87   0.02  -0.19 | -13.9    0.3    0.3 |18310234
	   9.84  -0.05  -0.27 | -16.3    0.7    0.4 |18331365
	   9.85  -0.02  -0.25 | -18.9    1.2    0.4 |18352271
	   9.85  -0.04  -0.23 | -21.5    2.0    0.5 |18373183
	   9.84  -0.01  -0.27 | -24.0    2.1    0.5 |18394062
	   9.79  -0.01  -0.22 | -26.3    2.1    0.6 |18414931
	   9.83  -0.03  -0.22 | -28.0    1.8    0.9 |18435851
	   9.83  -0.01  -0.21 | -29.8    2.0    0.7 |18456737
	   9.85  -0.01  -0.26 | -31.7    1.7    0.7 |18477642
	   9.84  -0.05  -0.26 | -33.2    1.2    0.7 |18498604
	   9.81  -0.01  -0.16 | -34.7    0.5    0.7 |18519642
	   9.83  -0.11  -0.26 | -35.8   -0.1    0.7 |18541148
	   9.80  -0.03  -0.24 | -36.6   -0.7    0.7 |18562245
	   9.88  -0.07  -0.26 | -37.4   -0.9    0.8 |18583324
	   9.83  -0.10  -0.24 | -38.1   -1.1    1.0 |18604321
	   9.87  -0.06  -0.28 | -38.1   -1.0    0.9 |18625282
	   9.87  -0.08  -0.19 | -38.0   -1.1    0.9 |18646201
	   9.82  -0.03  -0.22 | -38.1   -0.8    1.0 |18667161
	   9.86  -0.08  -0.29 | -37.5   -0.2    0.9 |18688052
	   9.87  -0.08  -0.23 | -37.0   -0.2    0.9 |18708929
	   9.88  -0.12  -0.25 | -36.5    0.4    0.9 |18729823
	   9.89  -0.10  -0.27 | -35.4    1.1    1.1 |18750834
	   9.84  -0.13  -0.28 | -34.1    1.5    1.0 |18771881
	   9.82  -0.14  -0.26 | -32.3    2.1    0.8 |18792756
	   9.84  -0.11  -0.19 | -30.9    1.9    0.9 |18813637
	   9.86  -0.10  -0.20 | -28.9    2.1    0.7 |18834487
	   9.84  -0.12  -0.24 | -27.0    1.8    0.6 |18855427
	   9.82  -0.15  -0.20 | -25.0    1.6    0.4 |18876291
	   9.84  -0.13  -0.15 | -23.0    1.0    0.4 |18897202
	   9.80  -0.13  -0.19 | -20.5    0.8    0.4 |18918082
	   9.82  -0.14  -0.20 | -18.1    0.0    0.5 |18938937
	   9.83  -0.14  -0.12 | -15.7   -0.2    0.2 |18959926
	   9.82  -0.15  -0.21 | -12.9   -1.0    0.4 |18980818
	   9.86  -0.13  -0.16 |  -9.9   -1.0    0.1 |19001666
	   9.85  -0.10  -0.23 |  -7.1   -1.5    0.1 |19022512
	   9.82  -0.17  -0.25 |  -4.3   -1.3    0.0 |19043355
	   9.81  -0.14  -0.27 |  -1.5   -1.5   -0.1 |19064171
	   9.84  -0.16  -0.22 |   1.3   -1.0   -0.1 |19085012
	   9.87  -0.16  -0.20 |   4.2   -0.5   -0.2 |19105919
	   9.86  -0.15  -0.24 |   7.0   -0.1   -0.4 |19126823
	   9.87  -0.13  -0.31 |   9.7    0.5   -0.4 |19147727
	   9.82  -0.14  -0.22 |  12.7    0.6   -0.5 |19168633
	   9.85  -0.15  -0.31 |  15.4    1.2   -0.5 |19189519
	   9.85  -0.11  -0.26 |  17.9    1.5   -0.7 |19214645
	   9.83  -0.12  -0.25 |  20.9    1.8   -0.8 |19236062
	   9.84  -0.11  -0.30 |  23.2    1.4   -0.9 |19257251
	   9.84  -0.13  -0.24 |  25.3    1.3   -0.9 |19278439
	   9.80  -0.09  -0.22 |  27.5    1.0   -1.0 |19299538
	   9.83  -0.13  -0.23 |  29.4    0.5   -1.0 |19320570
	   9.82  -0.11  -0.27 |  31.1   -0.1   -1.0 |19341453
	   9.83  -0.08  -0.19 |  32.8   -0.6   -1.0 |19362331
	   9.86  -0.07  -0.25 |  34.4   -1.2   -1.1 |19383418
	   9.84  -0.06  -0.22 |  35.5   -1.5   -1.0 |19404350
	   9.85  -0.08  -0.23 |  36.4   -1.5   -1.0 |19425385
	   9.84  -0.09  -0.22 |  36.9   -1.5   -1.0 |19446386
	   9.84  -0.02  -0.18 |  37.5   -1.7   -1.0 |19467402
	   9.85  -0.04  -0.28 |  37.7   -1.4   -1.3 |19488400
	   9.89  -0.03  -0.21 |  38.2   -0.9   -1.3 |19509373
	   9.87  -0.00  -0.24 |  37.9   -0.5   -1.2 |19531448
	   9.87  -0.04  -0.31 |  37.7   -0.3   -1.2 |19552487
	   9.83  -0.03  -0.27 |  37.1    0.2   -1.2 |19573469
	   9.87  -0.03  -0.27 |  36.2    0.9   -1.2 |19594356
	   9.88  -0.02  -0.21 |  35.2    1.1   -1.3 |19615433
	   9.83   0.01  -0.21 |  33.9    1.5   -1.0 |19636328
	   9.85  -0.03  -0.26 |  32.4    1.4   -1.0 |19657212
	   9.82  -0.01  -0.21 |  30.6    1.3   -0.9 |19678101
	   9.82   0.01  -0.21 |  29.0    0.7   -0.9 |19699046
	   9.85   0.01  -0.23 |  27.3    0.7   -0.8 |19719928
	   9.86  -0.00  -0.21 |  25.3    0.2   -0.8 |19740780
	   9.84   0.01  -0.22 |  23.0   -0.2   -0.7 |19761625
	   9.88   0.02  -0.25 |  20.6   -0.9   -0.5 |19782474
	   9.80  -0.01  -0.25 |  18.1   -1.2   -0.6 |19803488
	   9.85  -0.00  -0.10 |  15.4   -1.5   -0.6 |19824491
	   9.81   0.01  -0.23 |  13.0   -1.8   -0.5 |19845370
	   9.83   0.03  -0.21 |  10.3   -1.9   -0.5 |
