
try 'rc_test_mpu -h' to see other options

   Accel XYZ(m/s^2)  |   Gyro XYZ (deg/s)  |
663
	   0.27  -0.09  -9.85 |  -0.5    0.4   -3.6 |21853
	   0.26  -0.04  -9.83 |  -0.5    0.5   -2.6 |42770
	   0.20  -0.06  -9.79 |  -0.6    0.4   -1.5 |63706
	   0.22  -0.04  -9.82 |  -0.7    0.7   -0.4 |84598
	   0.23  -0.05  -9.81 |  -0.5    0.5    0.7 |105512
	   0.20  -0.04  -9.81 |  -0.6    0.4    1.8 |126432
	   0.22  -0.05  -9.84 |  -0.4    0.5    2.9 |147310
	   0.24  -0.06  -9.82 |  -0.4    0.2    4.2 |168174
	   0.20  -0.06  -9.80 |  -0.2   -0.1    5.3 |189032
	   0.26  -0.01  -9.84 |  -0.1   -0.1    6.4 |209922
	   0.24  -0.06  -9.81 |  -0.2    0.1    7.3 |230811
	   0.23  -0.06  -9.93 |  -0.2   -0.2    8.2 |251663
	   0.24  -0.06  -9.82 |  -0.1    0.1    9.1 |272567
	   0.22  -0.04  -9.80 |   0.0   -0.3   10.3 |293414
	   0.20  -0.04  -9.84 |  -0.2   -0.3   11.0 |314306
	   0.21  -0.08  -9.78 |   0.1   -0.4   12.1 |335223
	   0.21  -0.07  -9.83 |   0.0   -0.1   13.1 |356136
	   0.21  -0.03  -9.85 |  -0.1   -0.4   13.9 |376998
	   0.25  -0.06  -9.85 |   0.3   -0.4   15.0 |397863
	   0.22  -0.10  -9.84 |   0.1   -0.3   15.4 |418729
	   0.22  -0.06  -9.90 |  -0.2   -0.2   16.2 |439609
	   0.22  -0.04  -9.87 |   0.1   -0.4   16.6 |460522
	   0.25  -0.06  -9.81 |  -0.1   -0.2   17.5 |481459
	   0.21  -0.05  -9.81 |  -0.1   -0.2   17.9 |502311
	   0.22  -0.07  -9.79 |  -0.2    0.1   18.3 |523288
	   0.22  -0.07  -9.86 |  -0.2    0.1   19.0 |544134
	   0.20  -0.08  -9.79 |  -0.4    0.1   19.5 |564976
	   0.22  -0.05  -9.74 |  -0.5    0.4   19.7 |585820
	   0.25  -0.07  -9.86 |  -0.7    0.4   19.9 |606640
	   0.24  -0.06  -9.89 |  -0.5    0.5   20.1 |627481
	   0.18  -0.05  -9.89 |  -0.9    0.4   20.3 |648377
	   0.23  -0.05  -9.85 |  -0.7    0.5   20.3 |669306
	   0.27  -0.04  -9.89 |  -1.0    0.7   20.3 |690267
	   0.28  -0.07  -9.81 |  -1.0    0.7   20.4 |711188
	   0.21  -0.06  -9.92 |  -1.0    0.8   20.4 |732073
	   0.22  -0.03  -9.84 |  -1.2    0.7   20.0 |752934
	   0.20  -0.09  -9.87 |  -1.0    1.0   19.9 |773779
	   0.26  -0.04  -9.81 |  -1.2    0.9   19.5 |794674
	   0.26  -0.04  -9.80 |  -1.2    0.9   19.2 |815682
	   0.25  -0.05  -9.79 |  -1.2    0.9   18.6 |836594
	   0.24  -0.03  -9.86 |  -1.2    0.9   18.2 |857466
	   0.24  -0.06  -9.76 |  -1.0    0.9   17.8 |878329
	   0.24  -0.08  -9.88 |  -0.9    0.9   17.4 |899209
	   0.28  -0.04  -9.84 |  -0.9    0.7   16.8 |920091
	   0.21  -0.02  -9.87 |  -0.7    0.5   16.2 |940986
	   0.26  -0.01  -9.84 |  -0.6    0.4   15.3 |961894
	   0.21  -0.03  -9.93 |  -0.5    0.5   14.6 |982769
	   0.21  -0.06  -9.78 |  -0.7    0.6   13.8 |1003690
	   0.24  -0.06  -9.81 |  -0.5    0.1   12.9 |1024554
	   0.23  -0.06  -9.80 |  -0.1    0.3   12.1 |1045411
	   0.23  -0.04  -9.84 |  -0.2   -0.1   11.1 |1066260
	   0.23  -0.07  -9.82 |   0.1   -0.2   10.3 |1087127
	   0.22  -0.06  -9.86 |   0.0   -0.3    9.1 |1107968
	   0.25  -0.09  -9.82 |   0.1   -0.2    8.3 |1128809
	   0.24  -0.04  -9.82 |   0.2   -0.4    7.3 |1149643
	   0.24  -0.01  -9.75 |   0.1   -0.3    6.3 |1170586
	   0.21  -0.05  -9.91 |   0.3   -0.3    5.1 |1191620
	   0.20  -0.09  -9.81 |   0.2   -0.4    4.1 |1212493
	   0.22  -0.04  -9.86 |   0.3   -0.6    2.9 |1233353
	   0.19  -0.02  -9.85 |   0.5   -0.4    1.8 |1254202
	   0.22  -0.03  -9.87 |   0.5   -0.7    0.7 |1275044
	   0.22  -0.03  -9.85 |   0.5   -0.5   -0.4 |1295938
	   0.22  -0.01  -9.85 |   0.4   -0.5   -1.3 |1316798
	   0.18  -0.06  -9.82 |   0.5   -0.4   -2.6 |1337692
	   0.19  -0.06  -9.82 |   0.5   -0.4   -3.9 |1358597
	   0.23  -0.06  -9.84 |   0.4   -0.6   -4.9 |1379577
	   0.21  -0.00  -9.86 |   0.2   -0.5   -6.0 |1400456
	   0.22  -0.04  -9.80 |   0.2   -0.3   -6.9 |1421316
	   0.19  -0.08  -9.79 |   0.3   -0.1   -8.0 |1442175
	   0.26  -0.04  -9.90 |   0.1   -0.2   -8.9 |1463060
	   0.18  -0.06  -9.80 |   0.0   -0.1   -9.8 |1483932
	   0.22  -0.09  -9.89 |   0.1    0.1  -11.0 |1504859
	   0.19  -0.03  -9.91 |   0.0    0.1  -11.8 |1525863
	   0.22  -0.05  -9.79 |   0.1    0.1  -12.7 |1547112
	   0.22  -0.05  -9.86 |   0.1    0.2  -13.7 |1568092
	   0.18  -0.04  -9.86 |   0.1    0.2  -14.6 |1588986
	   0.24  -0.04  -9.80 |   0.2    0.1  -15.3 |1609873
	   0.22  -0.04  -9.88 |  -0.1    0.1  -15.8 |1630731
	   0.19  -0.04  -9.91 |   0.1   -0.1  -16.4 |1651595
	   0.24  -0.06  -9.84 |   0.3    0.2  -17.0 |1672498
	   0.23   0.00  -9.89 |   0.2    0.2  -17.8 |1693418
	   0.20  -0.02  -9.82 |   0.2    0.2  -18.2 |1714373
	   0.21  -0.02  -9.93 |   0.5    0.2  -18.6 |1735389
	   0.25  -0.04  -9.79 |   0.2   -0.2  -19.1 |1756269
	   0.23  -0.05  -9.89 |   0.3   -0.1  -19.4 |1777138
	   0.23  -0.04  -9.82 |   0.5    0.1  -19.7 |1797998
	   0.22   0.01  -9.86 |   0.4    0.1  -19.8 |1818901
	   0.22  -0.05  -9.83 |   0.6    0.0  -20.1 |1839945
	   0.21  -0.06  -9.81 |   0.5   -0.3  -20.1 |1860843
	   0.25   0.00  -9.76 |   0.9   -0.5  -20.2 |1881724
	   0.19   0.00  -9.85 |   0.7   -0.7  -20.3 |1902561
	   0.25  -0.03  -9.83 |   1.0   -0.4  -20.2 |1923457
	   0.24  -0.03  -9.81 |   0.9   -0.5  -19.9 |1944340
	   0.24  -0.04  -9.79 |   1.0   -0.7  -20.0 |1965242
	   0.24  -0.03  -9.79 |   1.0   -0.7  -19.7 |1986120
	   0.23  -0.05  -9.84 |   0.9   -0.5  -19.2 |2007014
	   0.25  -0.06  -9.89 |   0.9   -0.5  -18.8 |2027942
	   0.21  -0.02  -9.85 |   0.9   -0.8  -18.5 |2048825
	   0.24  -0.04  -9.78 |   0.7   -0.6  -18.1 |2069726
	   0.22  -0.04  -9.86 |   0.9   -0.7  -17.5 |2090618
	   0.21  -0.04  -9.83 |   0.9   -0.5  -16.8 |2111752
	   0.18  -0.08  -9.89 |   0.7   -0.5  -16.2 |2132633
	   0.17  -0.08  -9.81 |   0.9   -0.5  -15.6 |2153510
	   0.18  -0.05  -9.83 |   0.7   -0.5  -14.8 |2174411
	   0.20  -0.06  -9.84 |   0.5   -0.4  -14.0 |2195367
	   0.22  -0.02  -9.81 |   0.6   -0.3  -13.2 |2216304
	   0.19  -0.06  -9.84 |   0.3   -0.3  -12.3 |2237521
	   0.18  -0.01  -9.80 |   0.3   -0.2  -11.4 |2258616
	   0.15  -0.04  -9.84 |   0.2   -0.1  -10.6 |2279584
	   0.20  -0.00  -9.83 |   0.2    0.1   -9.6 |2300455
	   0.25  -0.05  -9.86 |  -0.1   -0.1   -8.5 |2321376
	   0.20  -0.06  -9.89 |   0.2    0.1   -7.4 |2342313
	   0.22  -0.00  -9.88 |  -0.1    0.1   -6.6 |2363265
	   0.22  -0.02  -9.81 |  -0.2    0.3   -5.4 |2384241
	   0.16  -0.03  -9.82 |  -0.1    0.2   -4.5 |2405128
	   0.22  -0.03  -9.83 |  -0.4    0.5   -3.4 |2425985
	   0.19  -0.06  -9.81 |  -0.2    0.4   -2.4 |2446852
	   0.21  -0.03  -9.90 |  -0.4    0.5   -1.4 |2467699
	   0.21  -0.02  -9.82 |  -0.3    0.2   -0.2 |2488566
	   0.22  -0.03  -9.83 |  -0.5    0.2    1.0 |2509486
	   0.23  -0.05  -9.86 |  -0.5    0.3    2.3 |2530343
	   0.22  -0.03  -9.82 |  -0.1    0.3    3.2 |2551211
	   0.26  -0.03  -9.85 |  -0.2    0.2    4.4 |2572066
	   0.20  -0.08  -9.81 |  -0.4    0.4    5.3 |2592959
	   0.21  -0.05  -9.82 |  -0.4    0.2    6.3 |2613802
	   0.23  -0.04  -9.80 |  -0.1    0.3    7.5 |2634712
	   0.24  -0.05  -9.85 |  -0.4    0.2    8.2 |2655577
	   0.21  -0.05  -9.85 |  -0.2    0.3    9.4 |2676454
	   0.21  -0.03  -9.85 |  -0.2   -0.1   10.3 |2697357
	   0.18  -0.03  -9.86 |  -0.2    0.1   11.3 |2718200
	   0.22  -0.04  -9.87 |  -0.1    0.0   12.1 |2739109
	   0.22  -0.05  -9.86 |   0.2   -0.1   13.1 |2760025
	   0.22  -0.02  -9.81 |  -0.1   -0.1   13.9 |2780970
	   0.23  -0.04  -9.82 |  -0.1    0.0   14.6 |2801864
	   0.23  -0.04  -9.83 |   0.1   -0.1   15.3 |2822725
	   0.22  -0.04  -9.84 |  -0.1   -0.1   15.9 |2843593
	   0.25  -0.06  -9.79 |  -0.1   -0.2   16.6 |2864443
	   0.22  -0.01  -9.83 |  -0.1   -0.2   17.1 |2885313
	   0.20  -0.04  -9.83 |  -0.3    0.0   17.7 |2906179
	   0.21  -0.07  -9.83 |  -0.1   -0.2   18.1 |2927089
	   0.20  -0.04  -9.86 |   0.0    0.1   18.6 |2948007
	   0.21  -0.04  -9.89 |  -0.1    0.1   18.7 |2968892
	   0.24  -0.08  -9.85 |  -0.4   -0.1   19.0 |2989726
	   0.22  -0.03  -9.81 |  -0.5    0.2   19.3 |3010619
	   0.25  -0.09  -9.85 |  -0.6    0.2   19.7 |3031572
	   0.24  -0.09  -9.83 |  -0.5    0.1   19.8 |3052432
	   0.22  -0.05  -9.80 |  -0.8    0.5   20.0 |3073298
	   0.24  -0.04  -9.81 |  -0.7    0.5   20.0 |3094151
	   0.22  -0.09  -9.84 |  -0.8    0.4   19.8 |3115296
	   0.23  -0.05  -9.82 |  -0.8    0.5   19.5 |3136222
	   0.22  -0.03  -9.85 |  -0.9    0.8   19.4 |3157082
	   0.24  -0.05  -9.79 |  -0.9    0.8   19.3 |3177932
	   0.22  -0.08  -9.79 |  -1.0    0.5   18.9 |3198849
	   0.27  -0.06  -9.85 |  -1.0    0.7   18.5 |3219866
	   0.24  -0.05  -9.86 |  -1.0    0.9   18.2 |3240748
	   0.25  -0.06  -9.87 |  -0.9    0.7   17.8 |3261602
	   0.24  -0.04  -9.83 |  -0.9    0.7   17.5 |3282494
	   0.27  -0.02  -9.87 |  -0.9    0.7   16.7 |3303394
	   0.23  -0.05  -9.92 |  -0.8    0.7   16.0 |3324271
	   0.23  -0.04  -9.86 |  -0.8    0.5   15.4 |3345156
	   0.25  -0.04  -9.89 |  -0.7    0.6   14.7 |3366030
	   0.22  -0.05  -9.82 |  -0.9    0.4   14.1 |3386889
	   0.23  -0.00  -9.83 |  -0.8    0.5   13.2 |3407815
	   0.22  -0.03  -9.92 |  -0.5    0.4   12.4 |3428677
	   0.27  -0.05  -9.88 |  -0.7    0.4   11.7 |3449525
	   0.23  -0.05  -9.82 |  -0.5    0.3   10.7 |3470370
	   0.24  -0.02  -9.89 |  -0.4    0.5    9.7 |3491204
	   0.21  -0.08  -9.89 |   0.0    0.0    8.8 |3512034
	   0.24  -0.07  -9.82 |  -0.2    0.1    7.5 |3533026
	   0.27  -0.07  -9.89 |   0.0   -0.1    6.7 |3554048
	   0.23  -0.08  -9.81 |  -0.2    0.0    5.6 |3575099
	   0.26  -0.02  -9.83 |  -0.1   -0.1    4.6 |3596019
	   0.19  -0.05  -9.81 |   0.2   -0.5    3.5 |3616920
	   0.26  -0.02  -9.80 |   0.0   -0.3    2.6 |3637808
	   0.27  -0.05  -9.83 |   0.2   -0.3    1.6 |3658682
	   0.23  -0.06  -9.84 |   0.2   -0.5    0.3 |3679602
	   0.25  -0.05  -9.83 |   0.4   -0.5   -0.7 |3700543
	   0.20  -0.06  -9.84 |   0.6   -0.4   -2.0 |3721431
	   0.20  -0.04  -9.88 |   0.4   -0.1   -3.1 |3742305
	   0.22  -0.03  -9.84 |   0.2   -0.2   -4.2 |3763308
	   0.25  -0.07  -9.84 |   0.4   -0.1   -5.2 |3784223
	   0.22  -0.05  -9.82 |   0.4   -0.2   -6.1 |3805106
	   0.25  -0.06  -9.88 |   0.5   -0.2   -7.1 |3826030
	   0.25  -0.04  -9.82 |   0.2    0.1   -8.1 |3846916
	   0.25  -0.05  -9.86 |   0.2   -0.3   -9.3 |3867880
	   0.21  -0.04  -9.82 |   0.4   -0.2  -10.0 |3888761
	   0.22  -0.08  -9.87 |   0.3   -0.2  -11.0 |3909586
	   0.18  -0.08  -9.84 |   0.2    0.1  -12.0 |3930429
	   0.22  -0.05  -9.81 |   0.1    0.0  -12.8 |3951342
	   0.22  -0.06  -9.86 |   0.2    0.1  -13.7 |3972207
	   0.24  -0.07  -9.83 |   0.2    0.2  -14.3 |3993070
	   0.22  -0.01  -9.85 |   0.1    0.1  -14.8 |4013957
	   0.24  -0.03  -9.86 |   0.1    0.1  -15.7 |4034848
	   0.21  -0.01  -9.89 |   0.1    0.2  -16.4 |4055711
	   0.24  -0.03  -9.80 |   0.2    0.1  -17.0 |4076572
	   0.22  -0.09  -9.82 |   0.1    0.3  -17.5 |4097417
	   0.25  -0.04  -9.80 |   0.1    0.3  -17.9 |4118261
	   0.21  -0.04  -9.82 |   0.2    0.2  -18.4 |4139106
	   0.23  -0.03  -9.83 |   0.2    0.1  -18.7 |4160275
	   0.22  -0.02  -9.84 |   0.4   -0.1  -18.9 |4181206
	   0.24  -0.06  -9.76 |   0.3   -0.2  -19.4 |4202438
	   0.19  -0.01  -9.85 |   0.5    0.0  -19.5 |4223390
	   0.23  -0.03  -9.79 |   0.3    0.0  -19.7 |4244284
	   0.21  -0.02  -9.84 |   0.4   -0.2  -19.9 |4265144
	   0.21  -0.03  -9.85 |   0.4   -0.2  -19.8 |4286100
	   0.21  -0.05  -9.86 |   0.4   -0.2  -19.7 |4307006
	   0.20  -0.01  -9.81 |   0.7   -0.3  -19.5 |4328025
	   0.23  -0.04  -9.87 |   0.8   -0.5  -19.6 |4348941
	   0.24  -0.04  -9.85 |   0.7   -0.4  -19.3 |4369860
	   0.25  -0.00  -9.84 |   0.6   -0.4  -19.0 |4390753
	   0.21  -0.03  -9.76 |   0.7   -0.4  -18.6 |4411673
	   0.22  -0.06  -9.88 |   0.8   -0.6  -18.2 |4432589
	   0.18  -0.02  -9.76 |   0.8   -0.5  -17.9 |4453454
	   0.20  -0.05  -9.88 |   0.7   -0.5  -17.4 |4474340
	   0.17  -0.02  -9.89 |   0.7   -0.5  -16.9 |4495235
	   0.21  -0.10  -9.81 |   0.7   -0.6  -16.3 |4516138
	   0.20  -0.02  -9.76 |   0.6   -0.1  -15.6 |4537039
	   0.24  -0.03  -9.84 |   0.5   -0.3  -15.0 |4557882
	   0.23  -0.03  -9.88 |   0.5   -0.5  -14.2 |4578738
	   0.19   0.03  -9.85 |   0.8   -0.4  -13.4 |4599682
	   0.19  -0.05  -9.87 |   0.8   -0.6  -12.5 |4620609
	   0.20  -0.02  -9.84 |   0.5   -0.4  -11.7 |4641523
	   0.20  -0.06  -9.84 |   0.4   -0.1  -10.7 |4662615
	   0.21  -0.03  -9.93 |   0.4   -0.2  -10.1 |4683586
	   0.21  -0.05  -9.76 |   0.3   -0.3   -9.0 |4704498
	   0.20  -0.03  -9.86 |   0.2   -0.1   -8.1 |4725349
	   0.23  -0.04  -9.83 |   0.2    0.1   -7.0 |4746256
	   0.20  -0.01  -9.83 |  -0.1    0.1   -6.2 |4767295
	   0.20  -0.02  -9.90 |   0.1   -0.1   -5.1 |4788191
	   0.20  -0.02  -9.84 |   0.0    0.1   -4.1 |4809071
	   0.21  -0.07  -9.81 |   0.1   -0.1   -2.7 |4829925
	   0.17  -0.02  -9.90 |  -0.1    0.3   -1.8 |4850779
	   0.18  -0.03  -9.86 |  -0.2    0.2   -0.7 |4871640
	   0.20  -0.05  -9.84 |  -0.2    0.1    0.4 |4892501
	   0.26  -0.02  -9.87 |  -0.2    0.2    1.4 |4913328
	   0.22  -0.01  -9.87 |  -0.2    0.2    2.5 |4934196
	   0.21  -0.06  -9.81 |  -0.2    0.2    3.5 |4955054
	   0.25  -0.04  -9.85 |  -0.2    0.3    4.4 |4980668
	   0.20  -0.07  -9.83 |  -0.4    0.3    5.9 |5001646
	   0.21  -0.04  -9.81 |  -0.3    0.2    7.0 |5022563
	   0.24  -0.03  -9.87 |  -0.1    0.1    7.8 |5043428
	   0.23  -0.01  -9.87 |  -0.1    0.2    8.9 |5064255
	   0.22  -0.03  -9.87 |  -0.2    0.0    9.9 |5085139
	   0.25  -0.06  -9.81 |  -0.2   -0.1   10.7 |5106005
	   0.19  -0.04  -9.87 |  -0.2   -0.1   11.6 |5126865
	   0.22  -0.02  -9.82 |  -0.2   -0.1   12.5 |5147707
	   0.23   0.01  -9.94 |  -0.2    0.0   13.0 |5168524
	   0.25  -0.03  -9.85 |  -0.2    0.0   14.1 |5189384
	   0.23  -0.04  -9.82 |   0.0   -0.1   14.8 |5210239
	   0.20  -0.06  -9.81 |  -0.2    0.0   15.4 |5231085
	   0.23  -0.04  -9.90 |  -0.2   -0.1   16.0 |5251921
	   0.22  -0.06  -9.85 |  -0.1   -0.2   16.5 |5272755
	   0.21  -0.03  -9.85 |  -0.2   -0.4   17.2 |5293588
	   0.24  -0.02  -9.82 |  -0.1   -0.4   17.5 |5314419
	   0.22  -0.03  -9.84 |   0.0   -0.4   18.0 |5335382
	   0.18  -0.01  -9.82 |  -0.1   -0.1   18.4 |5356336
	   0.22  -0.05  -9.81 |   0.0   -0.2   18.7 |5377239
	   0.22  -0.06  -9.84 |  -0.1   -0.1   19.0 |5398125
	   0.24  -0.03  -9.86 |  -0.2   -0.1   19.3 |5419020
	   0.20  -0.09  -9.81 |  -0.2    0.1   19.2 |5439872
	   0.17  -0.08  -9.86 |  -0.2    0.1   19.5 |5460719
	   0.21  -0.06  -9.80 |  -0.4    0.0   19.3 |5481556
	   0.22  -0.07  -9.90 |  -0.2    0.2   19.3 |5502416
	   0.23  -0.04  -9.82 |  -0.4    0.4   19.4 |5523283
	   0.22  -0.04  -9.77 |  -0.6    0.2   19.3 |5544123
	   0.20  -0.11  -9.92 |  -0.7    0.2   19.0 |5564964
	   0.18  -0.03  -9.79 |  -0.5    0.5   18.7 |5585837
	   0.24  -0.00  -9.76 |  -0.9    0.4   18.4 |5606684
	   0.22  -0.06  -9.82 |  -0.9    0.4   18.1 |5627620
	   0.24  -0.06  -9.80 |  -0.7    0.5   17.6 |5648465
	   0.23  -0.08  -9.79 |  -0.7    0.4   17.1 |5669346
	   0.19  -0.10  -9.84 |  -0.7    0.6   16.5 |5690232
	   0.19  -0.08  -9.86 |  -0.6    0.6   16.1 |5711092
	   0.22  -0.06  -9.82 |  -0.7    0.5   15.2 |5731940
	   0.19  -0.06  -9.81 |  -0.9    0.6   14.8 |5752779
	   0.22  -0.07  -9.82 |  -0.7    0.4   14.0 |5773616
	   0.23  -0.05  -9.88 |  -0.7    0.5   13.1 |5794453
	   0.23  -0.09  -9.84 |  -0.7    0.7   12.5 |5815374
	   0.22  -0.09  -9.86 |  -0.7    0.4   11.5 |5836321
	   0.26  -0.02  -9.83 |  -0.5    0.4   10.8 |5857224
	   0.29  -0.05  -9.80 |  -0.5    0.3    9.9 |5878081
	   0.25  -0.03  -9.88 |  -0.6    0.5    8.9 |5898896
	   0.27  -0.09  -9.80 |  -0.5    0.3    7.8 |5919828
	   0.20  -0.04  -9.85 |  -0.2    0.4    7.1 |5940676
	   0.23  -0.07  -9.87 |  -0.2    0.2    6.0 |5961532
	   0.27  -0.03  -9.84 |  -0.2    0.1    4.8 |5982371
	   0.24  -0.06  -9.84 |  -0.3    0.2    3.9 |6003403
	   0.22  -0.07  -9.91 |   0.1    0.2    2.9 |6024296
	   0.23  -0.04  -9.81 |  -0.1   -0.1    1.8 |6045153
	   0.24  -0.09  -9.80 |   0.1   -0.1    0.8 |6065996
	   0.26  -0.07  -9.84 |  -0.1   -0.1   -0.4 |6086832
	   0.18  -0.06  -9.85 |   0.2   -0.3   -1.5 |6107666
	   0.20  -0.06  -9.84 |   0.1   -0.1   -2.4 |6128503
	   0.24  -0.07  -9.80 |   0.1    0.0   -3.6 |6149334
	   0.24  -0.08  -9.84 |   0.2   -0.4   -4.5 |6170166
	   0.27  -0.06  -9.86 |   0.4   -0.4   -5.4 |6190999
	   0.22  -0.07  -9.85 |   0.2   -0.2   -6.3 |6211827
	   0.21  -0.05  -9.91 |   0.3   -0.2   -7.6 |6232844
	   0.22  -0.07  -9.86 |   0.2   -0.2   -8.5 |6253706
	   0.23  -0.05  -9.76 |   0.3   -0.1   -9.6 |6274546
	   0.22  -0.07  -9.88 |   0.4   -0.2  -10.6 |6295390
	   0.25  -0.09  -9.86 |   0.3   -0.2  -11.2 |6316227
	   0.22  -0.04  -9.84 |   0.4    0.2  -12.0 |6337132
	   0.21  -0.06  -9.90 |   0.3   -0.1  -12.9 |6358164
	   0.24  -0.09  -9.82 |   0.4   -0.1  -13.6 |6379104
	   0.22  -0.08  -9.84 |   0.2    0.3  -14.5 |6399999
	   0.25  -0.08  -9.83 |   0.4   -0.1  -15.1 |6420838
	   0.26  -0.07  -9.83 |   0.0    0.1  -15.7 |6441738
	   0.21  -0.09  -9.81 |   0.1    0.2  -16.3 |6462609
	   0.24  -0.05  -9.86 |   0.0    0.1  -17.0 |6483490
	   0.23  -0.02  -9.86 |   0.1    0.2  -17.5 |6504395
	   0.23  -0.06  -9.90 |   0.2    0.1  -17.8 |6525283
	   0.22  -0.03  -9.78 |   0.2    0.3  -18.4 |6546147
	   0.25  -0.03  -9.83 |   0.0    0.1  -18.6 |6567056
	   0.24  -0.04  -9.77 |   0.1    0.0  -18.8 |6587962
	   0.20  -0.03  -9.85 |   0.4    0.1  -19.0 |6608790
	   0.24  -0.04  -9.85 |   0.2    0.0  -19.4 |6629651
	   0.21  -0.06  -9.79 |   0.4    0.0  -19.2 |6650893
	   0.18  -0.06  -9.82 |   0.2    0.0  -19.3 |6671934
	   0.23  -0.04  -9.82 |   0.4   -0.1  -19.5 |6692848
	   0.24  -0.02  -9.79 |   0.2   -0.1  -19.5 |6713732
	   0.26  -0.06  -9.82 |   0.4    0.1  -19.2 |6734608
	   0.24  -0.06  -9.87 |   0.6   -0.2  -18.9 |6755470
	   0.27  -0.08  -9.84 |   0.5   -0.2  -18.8 |6776337
	   0.24  -0.08  -9.81 |   0.5   -0.3  -18.3 |6797291
	   0.22  -0.02  -9.82 |   0.4   -0.4  -18.1 |6818161
	   0.23  -0.07  -9.85 |   0.6   -0.2  -17.8 |6839033
	   0.22  -0.06  -9.87 |   0.4   -0.4  -17.3 |6859920
	   0.25  -0.04  -9.86 |   0.6   -0.3  -16.7 |6880812
	   0.25  -0.06  -9.78 |   0.6   -0.3  -16.2 |6901690
	   0.25  -0.04  -9.78 |   0.4   -0.3  -15.6 |6922573
	   0.19  -0.02  -9.87 |   0.5   -0.4  -14.8 |6943487
	   0.21  -0.03  -9.80 |   0.4   -0.5  -14.2 |6964370
	   0.18  -0.07  -9.86 |   0.5   -0.2  -13.5 |6985281
	   0.19  -0.03  -9.86 |   0.4   -0.2  -12.7 |7006195
	   0.20  -0.03  -9.80 |   0.4   -0.3  -11.9 |7027142
	   0.21  -0.04  -9.80 |   0.3   -0.3  -11.2 |7048010
	   0.23  -0.04  -9.80 |   0.2   -0.4  -10.1 |7068885
	   0.22  -0.03  -9.84 |   0.2   -0.4   -9.3 |7089775
	   0.23  -0.05  -9.86 |   0.2   -0.2   -8.4 |7110630
	   0.17  -0.02  -9.83 |   0.2   -0.1   -7.5 |7131494
	   0.22  -0.09  -9.91 |  -0.1   -0.1   -6.2 |7152319
	   0.16  -0.06  -9.79 |   0.2    0.0   -5.4 |7173172
	   0.20  -0.06  -9.79 |  -0.1   -0.1   -4.4 |7194030
	   0.18  -0.04  -9.86 |   0.0    0.1   -3.2 |7214925
	   0.24  -0.03  -9.85 |  -0.1    0.0   -2.1 |7236284
	   0.20  -0.05  -9.78 |  -0.2    0.1   -1.3 |7257228
	   0.20  -0.00  -9.92 |  -0.1    0.2   -0.2 |7278202
	   0.26  -0.05  -9.82 |  -0.1    0.2    1.1 |7299103
	   0.22  -0.02  -9.82 |  -0.1    0.2    2.0 |7319958
	   0.24  -0.01  -9.83 |  -0.3    0.2    3.3 |7340849
	   0.20  -0.01  -9.84 |  -0.3    0.2    4.2 |7361744
	   0.20  -0.01  -9.87 |  -0.2    0.4    5.0 |7382614
	   0.22  -0.03  -9.89 |  -0.3    0.2    6.0 |7403502
	   0.22  -0.02  -9.91 |  -0.3    0.2    7.0 |7424363
	   0.18   0.01  -9.88 |  -0.2    0.4    8.1 |7445213
	   0.22  -0.02  -9.87 |  -0.2    0.2    9.2 |7466055
	   0.20  -0.02  -9.81 |  -0.1    0.1    9.9 |7486942
	   0.20  -0.03  -9.80 |  -0.1    0.1   10.6 |7507961
	   0.21  -0.02  -9.79 |  -0.4    0.1   11.6 |7528841
	   0.18  -0.05  -9.86 |  -0.3    0.1   12.4 |7549694
	   0.21  -0.07  -9.86 |  -0.3    0.1   13.2 |7570540
	   0.18  -0.03  -9.82 |  -0.1    0.1   13.9 |7591469
	   0.24  -0.03  -9.81 |  -0.1   -0.1   14.8 |7612426
	   0.21  -0.05  -9.80 |  -0.2   -0.2   15.3 |7633325
	   0.24  -0.03  -9.86 |  -0.1   -0.4   15.9 |7654199
	   0.24  -0.05  -9.86 |  -0.1   -0.2   16.4 |7675139
	   0.22  -0.04  -9.82 |  -0.1   -0.5   17.0 |7696049
	   0.24  -0.04  -9.91 |   0.1   -0.3   17.5 |7716933
	   0.19  -0.06  -9.81 |  -0.1   -0.2   17.7 |7737787
	   0.24  -0.07  -9.86 |  -0.1   -0.2   18.1 |7758651
	   0.23  -0.02  -9.88 |  -0.2   -0.1   18.6 |7779706
	   0.21  -0.02  -9.82 |  -0.1   -0.1   18.8 |7800585
	   0.18  -0.04  -9.86 |  -0.2   -0.1   18.9 |7821442
	   0.19  -0.01  -9.82 |  -0.2   -0.3   19.1 |7842292
	   0.22  -0.05  -9.83 |  -0.1   -0.2   19.1 |7863238
	   0.21  -0.04  -9.88 |  -0.4    0.1   19.0 |7884127
	   0.23  -0.05  -9.82 |  -0.2   -0.2   19.2 |7905030
	   0.19  -0.04  -9.83 |  -0.5   -0.1   18.9 |7925885
	   0.27  -0.05  -9.87 |  -0.5    0.1   18.8 |7946749
	   0.19  -0.05  -9.88 |  -0.5    0.2   18.4 |7967674
	   0.20  -0.06  -9.82 |  -0.7    0.1   18.3 |7988547
	   0.20  -0.07  -9.83 |  -0.4    0.2   17.8 |8009475
	   0.24  -0.06  -9.81 |  -0.4    0.2   17.5 |8030418
	   0.17  -0.06  -9.89 |  -0.4    0.3   17.2 |8051381
	   0.21  -0.03  -9.81 |  -0.3    0.4   16.8 |8072265
	   0.19  -0.07  -9.80 |  -0.5    0.4   16.1 |8093116
	   0.22  -0.07  -9.84 |  -0.6    0.2   15.4 |8113978
	   0.19  -0.01  -9.90 |  -0.6    0.2   14.9 |8134875
	   0.22  -0.01  -9.87 |  -0.5    0.2   14.2 |8155915
	   0.24  -0.04  -9.80 |  -0.7    0.5   13.5 |8176766
	   0.23  -0.04  -9.87 |  -0.6    0.2   12.6 |8197632
	   0.18  -0.06  -9.86 |  -0.5    0.5   12.0 |8218527
	   0.23  -0.04  -9.86 |  -0.3    0.2   11.2 |8239428
	   0.20  -0.03  -9.81 |  -0.5    0.2   10.3 |8260336
	   0.23  -0.03  -9.89 |  -0.4    0.4    9.3 |8281207
	   0.23  -0.03  -9.80 |  -0.4    0.3    8.4 |8302058
	   0.25  -0.09  -9.79 |  -0.5    0.4    7.4 |8322913
	   0.21  -0.06  -9.84 |  -0.3    0.2    6.5 |8343892
	   0.23  -0.05  -9.86 |  -0.1    0.1    5.5 |8364811
	   0.23  -0.06  -9.82 |  -0.3   -0.1    4.3 |8385739
	   0.21  -0.07  -9.81 |   0.1    0.1    3.4 |8406682
	   0.29  -0.08  -9.85 |   0.0    0.1    2.5 |8427770
	   0.23  -0.06  -9.88 |  -0.1    0.0    1.5 |8448694
	   0.26  -0.07  -9.81 |  -0.2   -0.1    0.4 |8469543
	   0.22  -0.10  -9.89 |   0.1   -0.1   -0.7 |8490403
	   0.25  -0.09  -9.84 |   0.1    0.1   -1.8 |8511409
	   0.29  -0.06  -9.78 |   0.1   -0.2   -2.9 |8532318
	   0.24  -0.07  -9.81 |   0.2   -0.2   -4.0 |8553178
	   0.25  -0.03  -9.87 |   0.5   -0.2   -5.0 |8574026
	   0.25  -0.07  -9.88 |   0.1   -0.2   -5.8 |8595610
	   0.21  -0.07  -9.82 |   0.4   -0.2   -6.9 |8616636
	   0.20  -0.04  -9.84 |   0.4   -0.1   -7.8 |8637586
	   0.24  -0.01  -9.81 |   0.1    0.0   -8.9 |8658445
	   0.24  -0.05  -9.81 |   0.4   -0.1   -9.6 |8679376
	   0.21  -0.05  -9.83 |   0.3   -0.3  -10.5 |8700343
	   0.24  -0.06  -9.76 |   0.3   -0.2  -11.5 |8721265
	   0.23  -0.08  -9.86 |   0.4   -0.1  -12.3 |8742160
	   0.24  -0.06  -9.82 |   0.5   -0.2  -13.1 |8763055
	   0.22  -0.04  -9.86 |   0.1    0.2  -13.8 |8783915
	   0.24  -0.06  -9.82 |   0.3   -0.1  -14.3 |8804736
	   0.21  -0.08  -9.80 |   0.1   -0.1  -15.2 |8825607
	   0.26  -0.06  -9.84 |   0.2   -0.2  -15.7 |8846500
	   0.24  -0.06  -9.81 |   0.2    0.2  -16.5 |8867384
	   0.23  -0.06  -9.84 |   0.1    0.1  -16.8 |8888256
	   0.24  -0.03  -9.80 |   0.3    0.1  -17.3 |8909110
	   0.18   0.00  -9.86 |   0.2    0.0  -17.9 |8929956
	   0.23  -0.04  -9.88 |   0.2    0.0  -18.0 |8950804
	   0.27  -0.05  -9.86 |   0.0    0.2  -18.3 |8971627
	   0.24  -0.05  -9.81 |   0.1   -0.1  -18.7 |8992488
	   0.22  -0.05  -9.81 |   0.1    0.2  -18.9 |9013381
	   0.21  -0.07  -9.83 |   0.2    0.0  -19.0 |9034367
	   0.23  -0.05  -9.81 |   0.2    0.1  -19.2 |9055372
	   0.22  -0.03  -9.89 |   0.3    0.2  -19.2 |9076311
	   0.24  -0.07  -9.81 |   0.2   -0.1  -19.0 |9097171
	   0.23  -0.06  -9.86 |   0.1    0.0  -19.0 |9118033
	   0.26  -0.01  -9.79 |   0.2   -0.1  -18.8 |9139013
	   0.26  -0.04  -9.84 |   0.2    0.0  -18.7 |9159971
	   0.22  -0.07  -9.82 |   0.5   -0.2  -18.5 |9180863
	   0.21  -0.06  -9.88 |   0.3   -0.1  -18.1 |9201696
	   0.20  -0.06  -9.89 |   0.5   -0.3  -17.9 |9222535
	   0.23  -0.08  -9.88 |   0.4   -0.2  -17.4 |9243398
	   0.26  -0.03  -9.84 |   0.5   -0.2  -16.8 |9264266
	   0.21  -0.08  -9.81 |   0.4   -0.1  -16.3 |9285122
	   0.23  -0.07  -9.81 |   0.2   -0.5  -15.9 |9305969
	   0.25  -0.04  -9.84 |   0.5   -0.2  -15.1 |9326901
	   0.22  -0.04  -9.89 |   0.4   -0.2  -14.4 |9348102
	   0.22  -0.07  -9.86 |   0.4   -0.2  -13.6 |9369053
	   0.20  -0.08  -9.81 |   0.4   -0.2  -13.1 |9389956
	   0.18  -0.01  -9.82 |   0.4   -0.2  -12.2 |9410807
	   0.22  -0.04  -9.91 |   0.5   -0.2  -11.3 |9431680
	   0.22  -0.08  -9.89 |   0.4   -0.2  -10.7 |9452545
	   0.21  -0.05  -9.85 |   0.3   -0.2   -9.6 |9473396
	   0.20  -0.05  -9.88 |   0.2   -0.3   -8.8 |9494240
	   0.22  -0.06  -9.79 |   0.2   -0.1   -7.9 |9515146
	   0.22  -0.07  -9.80 |   0.2   -0.2   -6.9 |9536026
	   0.24  -0.05  -9.85 |   0.0    0.0   -6.0 |9556942
	   0.23  -0.02  -9.81 |   0.0   -0.2   -4.9 |9577897
	   0.22  -0.03  -9.84 |  -0.1    0.1   -4.2 |9598782
	   0.18  -0.07  -9.85 |  -0.1    0.3   -2.9 |9619654
	   0.24  -0.03  -9.90 |  -0.1    0.2   -1.8 |9640486
	   0.24  -0.04  -9.88 |  -0.1    0.2   -0.9 |9661331
	   0.23  -0.02  -9.86 |   0.0    0.3    0.3 |9682233
	   0.24  -0.03  -9.81 |  -0.2    0.3    1.5 |9703153
	   0.20  -0.02  -9.84 |  -0.4    0.4    2.5 |9724069
	   0.20  -0.06  -9.83 |  -0.2    0.3    3.6 |9744949
	   0.26  -0.07  -9.77 |  -0.5    0.3    4.5 |9765809
	   0.24  -0.00  -9.91 |  -0.6    0.2    5.2 |9786670
	   0.21  -0.04  -9.78 |  -0.4    0.1    6.5 |9807570
	   0.22  -0.03  -9.82 |  -0.2    0.2    7.4 |9828426
	   0.19  -0.05  -9.82 |  -0.4    0.1    8.1 |9849325
	   0.23  -0.06  -9.86 |  -0.4    0.4    9.3 |9870235
	   0.20  -0.03  -9.84 |  -0.2    0.2   10.3 |9891173
	   0.22  -0.02  -9.80 |  -0.4    0.2   11.0 |9912058
	   0.24  -0.03  -9.84 |  -0.3    0.2   11.7 |9932960
	   0.19  -0.01  -9.85 |  -0.2    0.2   12.6 |9953880
	   0.19   0.00  -9.81 |  -0.4    0.1   13.3 |9974773
	   0.24  -0.03  -9.84 |  -0.4    0.1   14.3 |9998440
	   0.22  -0.02  -9.81 |  -0.3   -0.1   14.8 |10019428
	   0.24  -0.04  -9.80 |  -0.3    0.0   15.3 |10040345
	   0.22  -0.02  -9.86 |  -0.4   -0.2   16.2 |10061205
	   0.26  -0.03  -9.84 |  -0.2    0.1   16.6 |10082033
	   0.20  -0.06  -9.81 |  -0.2   -0.2   17.1 |10103016
	   0.18  -0.03  -9.76 |  -0.2    0.1   17.4 |10123959
	   0.21  -0.07  -9.86 |  -0.1   -0.1   17.9 |10144874
	   0.23  -0.06  -9.84 |   0.0   -0.4   18.2 |10165938
	   0.18   0.03  -9.83 |  -0.1    0.1   18.6 |10186858
	   0.19  -0.04  -9.85 |  -0.2   -0.1   18.6 |10207799
	   0.18  -0.05  -9.83 |  -0.2   -0.2   18.8 |10228673
	   0.22  -0.06  -9.88 |  -0.1   -0.1   18.9 |10249526
	   0.24  -0.01  -9.86 |  -0.1    0.1   18.9 |10270389
	   0.23  -0.06  -9.81 |  -0.3   -0.4   18.9 |10291405
	   0.23  -0.05  -9.80 |  -0.2   -0.1   18.8 |10312297
	   0.22   0.01  -9.80 |  -0.1   -0.2   18.6 |10333151
	   0.19  -0.06  -9.84 |  -0.1    0.1   18.5 |10354040
	   0.17  -0.07  -9.84 |  -0.4   -0.1   18.1 |10374928
	   0.21  -0.08  -9.86 |  -0.3    0.2   17.8 |10396146
	   0.21  -0.07  -9.76 |  -0.4    0.1   17.7 |10417051
	   0.23  -0.02  -9.79 |  -0.4    0.1   17.2 |10437921
	   0.18  -0.06  -9.86 |  -0.7    0.4   17.0 |10458832
	   0.18  -0.02  -9.80 |  -0.6    0.1   16.2 |10479696
	   0.21  -0.02  -9.83 |  -0.5    0.2   15.6 |10500550
	   0.20  -0.02  -9.88 |  -0.3    0.2   15.1 |10521790
	   0.22  -0.06  -9.90 |  -0.5    0.3   14.3 |10542657
	   0.22  -0.06  -9.83 |  -0.5    0.5   13.5 |10563566
	   0.21   0.01  -9.86 |  -0.5    0.5   12.9 |10584452
	   0.24  -0.03  -9.87 |  -0.5    0.1   12.3 |10605398
	   0.22  -0.03  -9.84 |  -0.4    0.3   11.2 |10626297
	   0.23  -0.00  -9.74 |  -0.5    0.2   10.6 |10647233
	   0.22  -0.06  -9.83 |  -0.5    0.3    9.7 |10668100
	   0.18   0.00  -9.82 |  -0.2    0.2    8.7 |10688994
	   0.22  -0.01  -9.85 |  -0.2    0.2    8.0 |10709886
	   0.23  -0.03  -9.77 |  -0.3    0.2    6.9 |10730757
	   0.23  -0.04  -9.80 |  -0.3    0.1    5.9 |10751674
	   0.22  -0.03  -9.86 |  -0.2   -0.1    5.0 |10772531
	   0.23  -0.01  -9.85 |  -0.2   -0.1    3.9 |10793369
	   0.25  -0.07  -9.79 |   0.2   -0.1    2.9 |10814204
	   0.28  -0.01  -9.90 |   0.1    0.1    1.8 |10835063
	   0.23  -0.04  -9.87 |   0.1   -0.2    0.8 |10855947
	   0.19  -0.05  -9.81 |   0.0   -0.1   -0.2 |10877014
	   0.24   0.01  -9.80 |   0.2   -0.2   -1.3 |10897890
	   0.23  -0.06  -9.83 |   0.4   -0.1   -2.3 |10918759
	   0.24  -0.07  -9.84 |   0.4   -0.2   -3.3 |10939674
	   0.23  -0.01  -9.80 |   0.5    0.0   -4.2 |10960520
	   0.20  -0.07  -9.86 |   0.2   -0.2   -5.2 |10981360
	   0.26  -0.06  -9.86 |   0.5   -0.4   -6.3 |11002188
	   0.24  -0.05  -9.81 |   0.5   -0.5   -7.4 |11023066
	   0.20  -0.07  -9.85 |   0.4   -0.3   -8.4 |11044001
	   0.25  -0.07  -9.84 |   0.3   -0.4   -9.2 |11064936
	   0.23  -0.06  -9.86 |   0.5   -0.5  -10.1 |11085836
	   0.22  -0.01  -9.78 |   0.4   -0.4  -10.9 |11106712
	   0.20  -0.03  -9.83 |   0.4   -0.1  -11.7 |11127716
	   0.21  -0.02  -9.86 |   0.4   -0.4  -12.5 |11148609
	   0.26  -0.04  -9.87 |   0.3   -0.5  -13.2 |11169478
	   0.21  -0.04  -9.87 |   0.5   -0.1  -14.0 |11190335
	   0.22  -0.03  -9.83 |   0.5   -0.3  -14.6 |11211255
	   0.24  -0.03  -9.82 |   0.2    0.0  -15.3 |11232117
	   0.21  -0.10  -9.91 |   0.4   -0.2  -15.9 |11252982
	   0.21  -0.06  -9.87 |   0.3    0.1  -16.4 |11273853
	   0.22  -0.06  -9.94 |   0.0    0.0  -17.0 |11294702
	   0.24  -0.04  -9.84 |   0.3   -0.2  -17.4 |11315557
	   0.22  -0.03  -9.86 |   0.4    0.0  -17.8 |11336387
	   0.17  -0.06  -9.79 |  -0.1    0.2  -18.1 |11357278
	   0.23  -0.04  -9.78 |   0.4   -0.2  -18.3 |11378174
	   0.22  -0.05  -9.83 |   0.2   -0.1  -18.6 |11399034
	   0.23  -0.05  -9.83 |   0.2    0.1  -18.9 |11419932
	   0.23  -0.03  -9.83 |   0.2   -0.1  -18.9 |11440807
	   0.21  -0.09  -9.92 |   0.2    0.1  -19.2 |11461657
	   0.25  -0.03  -9.82 |   0.4   -0.1  -18.9 |11482504
	   0.26  -0.03  -9.82 |   0.2    0.0  -18.8 |11503347
	   0.22  -0.03  -9.85 |   0.2   -0.1  -18.6 |11524187
	   0.25  -0.04  -9.84 |   0.3   -0.2  -18.5 |11545026
	   0.24  -0.02  -9.83 |   0.7    0.1  -18.2 |11565863
	   0.22  -0.02  -9.87 |   0.4   -0.2  -18.1 |11586704
	   0.22  -0.03  -9.86 |   0.4   -0.2  -17.9 |11607543
	   0.24  -0.03  -9.81 |   0.4    0.1  -17.5 |11628382
	   0.25  -0.05  -9.88 |   0.4   -0.1  -16.9 |11649249
	   0.23  -0.03  -9.86 |   0.2   -0.1  -16.5 |11670173
	   0.20  -0.05  -9.88 |   0.5   -0.1  -15.9 |11691080
	   0.22  -0.03  -9.81 |   0.4   -0.4  -15.3 |11711988
	   0.22  -0.00  -9.84 |   0.3   -0.3  -14.8 |11732847
	   0.28  -0.06  -9.86 |   0.5   -0.3  -14.0 |11753702
	   0.26  -0.09  -9.83 |   0.4   -0.1  -13.4 |11774552
	   0.27  -0.10  -9.77 |   0.2   -0.4  -12.5 |11795415
	   0.26  -0.05  -9.81 |   0.5   -0.1  -11.8 |11816283
	   0.22  -0.08  -9.86 |   0.5   -0.2  -10.8 |11837172
	   0.23  -0.03  -9.94 |   0.4   -0.2  -10.1 |11858029
	   0.24  -0.01  -9.77 |   0.4   -0.2   -9.2 |11878845
	   0.26  -0.06  -9.81 |   0.3   -0.2   -8.4 |11899712
	   0.25  -0.02  -9.88 |   0.2    0.0   -7.4 |11920575
	   0.24  -0.07  -9.82 |   0.2   -0.2   -6.4 |11941427
	   0.21  -0.06  -9.82 |   0.1    0.0   -5.4 |11962266
	   0.22  -0.05  -9.80 |   0.2    0.1   -4.5 |11983103
	   0.21  -0.06  -9.79 |  -0.1   -0.1   -3.5 |12003934
	   0.19  -0.06  -9.80 |  -0.1    0.1   -2.4 |12024807
	   0.25  -0.08  -9.85 |   0.0    0.1   -1.3 |12045680
	   0.24  -0.07  -9.86 |  -0.1    0.1   -0.2 |12066539
	   0.23  -0.07  -9.83 |  -0.3    0.3    0.6 |12087394
	   0.21  -0.07  -9.84 |  -0.4    0.2    1.7 |12108234
	   0.23  -0.06  -9.86 |  -0.2    0.4    2.7 |12129071
	   0.19  -0.06  -9.83 |  -0.5    0.3    3.8 |12149901
	   0.24  -0.06  -9.87 |  -0.4    0.3    4.7 |12170732
	   0.22  -0.03  -9.83 |  -0.4    0.5    5.6 |12191646
	   0.21  -0.09  -9.81 |  -0.5    0.4    6.7 |12212540
	   0.23  -0.05  -9.76 |  -0.4    0.3    7.5 |12233421
	   0.20  -0.06  -9.88 |  -0.5    0.3    8.7 |12254269
	   0.21  -0.08  -9.79 |  -0.4    0.2    9.5 |12275250
	   0.20  -0.06  -9.86 |  -0.5    0.2   10.3 |12296129
	   0.19  -0.02  -9.78 |  -0.5    0.4   11.0 |12316980
	   0.22  -0.06  -9.80 |  -0.7    0.3   12.0 |12337822
	   0.19  -0.01  -9.87 |  -0.4    0.3   12.6 |12358698
	   0.25  -0.03  -9.81 |  -0.5    0.2   13.4 |12379646
	   0.22  -0.06  -9.78 |  -0.4    0.0   14.2 |12400534
	   0.19  -0.07  -9.83 |  -0.5    0.3   14.9 |12421589
	   0.26  -0.04  -9.82 |  -0.4    0.0   15.4 |12442468
	   0.25  -0.02  -9.82 |  -0.4    0.2   15.9 |12463326
	   0.18  -0.03  -9.90 |  -0.4   -0.1   16.4 |12484173
	   0.21  -0.03  -9.89 |  -0.3    0.1   16.9 |12505064
	   0.21  -0.06  -9.83 |  -0.4    0.0   17.4 |12525919
	   0.23  -0.06  -9.81 |  -0.2   -0.1   17.6 |12546769
	   0.23  -0.11  -9.81 |  -0.4   -0.1   18.2 |12567758
	   0.23  -0.01  -9.89 |  -0.4    0.1   18.4 |12588611
	   0.24  -0.04  -9.88 |  -0.5    0.1   18.4 |12609462
	   0.24  -0.07  -9.79 |  -0.2    0.0   18.6 |12630372
	   0.21  -0.06  -9.85 |  -0.2    0.1   18.6 |12651343
	   0.22  -0.06  -9.80 |  -0.1    0.1   18.6 |12672211
	   0.22  -0.06  -9.90 |  -0.2    0.1   18.6 |12693155
	   0.23  -0.05  -9.82 |  -0.5    0.0   18.7 |12714103
	   0.23  -0.05  -9.80 |  -0.4    0.1   18.4 |12735024
	   0.25  -0.04  -9.85 |  -0.3    0.0   18.3 |12755914
	   0.22  -0.03  -9.86 |  -0.5    0.1   18.0 |12776772
	   0.22  -0.02  -9.79 |  -0.4    0.0   17.6 |12797665
	   0.23  -0.04  -9.81 |  -0.4    0.3   17.3 |12818543
	   0.25  -0.05  -9.89 |  -0.5    0.3   16.8 |12839408
	   0.24  -0.04  -9.89 |  -0.5    0.5   16.4 |12860319
	   0.20  -0.05  -9.86 |  -0.4    0.4   15.8 |12881183
	   0.22  -0.06  -9.89 |  -0.5    0.3   15.4 |12902008
	   0.21  -0.04  -9.84 |  -0.4    0.3   14.5 |12922871
	   0.23  -0.03  -9.80 |  -0.5    0.2   14.2 |12943799
	   0.22  -0.04  -9.83 |  -0.5    0.5   13.2 |12964673
	   0.22  -0.06  -9.85 |  -0.4    0.3   12.6 |12985586
	   0.26  -0.07  -9.85 |  -0.5    0.4   12.0 |13006500
	   0.22  -0.04  -9.86 |  -0.5    0.2   11.0 |13027403
	   0.22  -0.08  -9.86 |  -0.4    0.2   10.1 |13048326
	   0.20  -0.01  -9.78 |  -0.2    0.2    9.3 |13069220
	   0.25  -0.05  -9.79 |  -0.4    0.0    8.4 |13090072
	   0.24  -0.04  -9.84 |  -0.4    0.2    7.8 |13110924
	   0.21   0.01  -9.86 |  -0.3    0.2    6.6 |13131829
	   0.25  -0.03  -9.74 |  -0.1    0.0    5.7 |13152694
	   0.25  -0.03  -9.88 |  -0.1   -0.2    4.6 |13173598
	   0.24  -0.02  -9.74 |  -0.1   -0.1    3.6 |13194481
	   0.23  -0.04  -9.88 |  -0.1    0.2    2.6 |13215367
	   0.21  -0.02  -9.84 |   0.1   -0.1    1.5 |13236240
	   0.23  -0.06  -9.85 |   0.0   -0.1    0.6 |13257102
	   0.20  -0.03  -9.81 |   0.1   -0.1   -0.4 |13277968
	   0.25  -0.06  -9.79 |   0.2   -0.4   -1.5 |13298820
	   0.23  -0.05  -9.81 |   0.2   -0.2   -2.4 |13319657
	   0.18  -0.05  -9.82 |   0.3    0.0   -3.4 |13340500
	   0.22  -0.02  -9.81 |   0.4   -0.2   -4.5 |13361388
	   0.26  -0.04  -9.79 |   0.5   -0.4   -5.5 |13382288
	   0.21  -0.03  -9.86 |   0.5   -0.4   -6.3 |13403141
	   0.22  -0.01  -9.82 |   0.6   -0.6   -7.3 |13424027
	   0.21   0.00  -9.87 |   0.4   -0.5   -8.2 |13444873
	   0.19  -0.04  -9.86 |   0.5   -0.5   -9.0 |13465716
	   0.23  -0.03  -9.76 |   0.4   -0.7  -10.0 |13486556
	   0.21  -0.04  -9.87 |   0.4   -0.2  -10.8 |13507400
	   0.22  -0.04  -9.87 |   0.5   -0.1  -11.6 |13528235
	   0.20  -0.05  -9.83 |   0.7   -0.4  -12.4 |13549069
	   0.21  -0.05  -9.82 |   0.4   -0.3  -13.2 |13569902
	   0.21  -0.06  -9.81 |   0.3   -0.3  -14.0 |13590736
	   0.22  -0.04  -9.82 |   0.6   -0.2  -14.6 |13611634
	   0.19  -0.02  -9.85 |   0.4   -0.1  -15.2 |13632486
	   0.18  -0.07  -9.89 |   0.4   -0.3  -15.7 |13653331
	   0.21  -0.06  -9.88 |   0.2   -0.3  -16.3 |13674177
	   0.21  -0.05  -9.84 |   0.2   -0.1  -16.8 |13695049
	   0.18  -0.04  -9.94 |   0.3   -0.1  -17.2 |13715927
	   0.22  -0.04  -9.90 |   0.4   -0.3  -17.5 |13736779
	   0.21  -0.06  -9.78 |   0.1    0.1  -17.9 |13757623
	   0.19  -0.05  -9.81 |   0.3    0.1  -18.1 |13778468
	   0.22  -0.04  -9.86 |   0.4    0.1  -18.2 |13799420
	   0.19  -0.05  -9.85 |   0.4    0.1  -18.4 |13820272
	   0.25  -0.05  -9.81 |   0.5    0.0  -18.6 |13841116
	   0.21  -0.02  -9.85 |   0.4   -0.1  -18.7 |13862004
	   0.21  -0.06  -9.78 |   0.4    0.1  -18.7 |13882860
	   0.21  -0.04  -9.76 |   0.3   -0.1  -18.6 |13903708
	   0.22  -0.05  -9.88 |   0.4   -0.2  -18.5 |13924578
	   0.23  -0.06  -9.82 |   0.4   -0.2  -18.2 |13945585
	   0.22  -0.03  -9.83 |   0.5   -0.3  -18.1 |13966450
	   0.23  -0.02  -9.82 |   0.3   -0.3  -17.6 |13987400
	   0.23  -0.02  -9.85 |   0.5   -0.5  -17.5 |14008258
	   0.21  -0.06  -9.78 |   0.4   -0.1  -16.9 |14029133
	   0.20  -0.03  -9.75 |   0.3   -0.2  -16.6 |14050028
	   0.24  -0.05  -9.86 |   0.5   -0.4  -16.1 |14070886
	   0.21  -0.01  -9.84 |   0.5   -0.2  -15.6 |14091845
	   0.21  -0.01  -9.88 |   0.5   -0.1  -15.0 |14112708
	   0.19  -0.06  -9.86 |   0.6   -0.2  -14.5 |14133556
	   0.22  -0.07  -9.88 |   0.5   -0.4  -13.8 |14154404
	   0.20  -0.07  -9.82 |   0.5   -0.2  -13.1 |14175276
	   0.24  -0.07  -9.85 |   0.2   -0.4  -12.2 |14196123
	   0.24  -0.07  -9.83 |   0.5   -0.2  -11.4 |14216938
	   0.22  -0.04  -9.86 |   0.4   -0.3  -10.7 |14237771
	   0.20  -0.00  -9.83 |   0.4   -0.4   -9.9 |14258609
	   0.22  -0.06  -9.89 |   0.4   -0.3   -9.1 |14279446
	   0.18  -0.06  -9.77 |   0.4   -0.4   -8.1 |14300277
	   0.22  -0.10  -9.83 |   0.2   -0.1   -7.1 |14321118
	   0.26  -0.05  -9.84 |   0.0   -0.1   -6.3 |14341962
	   0.17  -0.04  -9.85 |   0.2   -0.1   -5.2 |14362841
	   0.21  -0.08  -9.78 |   0.1    0.0   -4.2 |14383715
	   0.21  -0.09  -9.79 |   0.0   -0.2   -3.3 |14404551
	   0.21  -0.07  -9.84 |   0.0    0.0   -2.3 |14425416
	   0.20  -0.06  -9.85 |   0.2   -0.1   -1.3 |14446285
	   0.19   0.00  -9.85 |  -0.1    0.2   -0.1 |14467137
	   0.24  -0.04  -9.87 |  -0.3   -0.1    0.7 |14487974
	   0.20  -0.06  -9.82 |  -0.3    0.2    1.8 |14508810
	   0.24  -0.05  -9.81 |  -0.3    0.3    2.8 |14529683
	   0.18  -0.04  -9.85 |  -0.3    0.1    3.9 |14550525
	   0.20  -0.04  -9.82 |  -0.4    0.3    4.8 |14571369
	   0.23  -0.03  -9.87 |  -0.4    0.4    5.7 |14592205
	   0.19  -0.03  -9.83 |  -0.4    0.3    6.7 |14613038
	   0.22  -0.03  -9.88 |  -0.5    0.4    7.6 |14633868
	   0.23  -0.03  -9.85 |  -0.5    0.5    8.5 |14654698
	   0.22  -0.06  -9.87 |  -0.7    0.3    9.4 |14675533
	   0.24  -0.05  -9.82 |  -0.5    0.3   10.3 |14696402
	   0.18  -0.06  -9.81 |  -0.5    0.5   11.0 |14717271
	   0.23  -0.09  -9.88 |  -0.6    0.4   12.0 |14738124
	   0.29  -0.05  -9.94 |  -0.6    0.4   12.6 |14759007
	   0.25  -0.04  -9.84 |  -0.6    0.4   13.4 |14779860
	   0.22  -0.08  -9.82 |  -0.2    0.2   14.0 |14800777
	   0.24  -0.04  -9.83 |  -0.6    0.3   14.7 |14821681
	   0.22  -0.02  -9.81 |  -0.4    0.2   15.3 |14842559
	   0.23  -0.04  -9.84 |  -0.5    0.1   15.9 |14863470
	   0.25  -0.08  -9.88 |  -0.5    0.2   16.2 |14884304
	   0.24  -0.05  -9.87 |  -0.4    0.3   16.7 |14905160
	   0.19  -0.05  -9.83 |  -0.6    0.1   17.0 |14926002
	   0.21  -0.05  -9.76 |  -0.5    0.3   17.3 |14946905
	   0.23  -0.06  -9.79 |  -0.4    0.1   17.9 |14967851
	   0.24  -0.04  -9.76 |  -0.5   -0.1   18.1 |14988708
	   0.24  -0.06  -9.81 |  -0.5    0.1   18.1 |15014002
	   0.26  -0.07  -9.83 |  -0.3   -0.1   18.4 |15035115
	   0.23  -0.05  -9.78 |  -0.4    0.2   18.6 |15056057
	   0.24  -0.09  -9.82 |  -0.4    0.4   18.3 |15076898
	   0.20  -0.05  -9.82 |  -0.2    0.1   18.4 |15097768
	   0.22  -0.01  -9.82 |  -0.5    0.2   18.1 |15118643
	   0.27  -0.04  -9.82 |  -0.5    0.1   18.1 |15139616
	   0.22  -0.06  -9.85 |  -0.5    0.2   17.8 |15160472
	   0.20  -0.03  -9.85 |  -0.4    0.2   17.8 |15181321
	   0.26  -0.05  -9.85 |  -0.6    0.3   17.3 |15202166
	   0.21  -0.04  -9.81 |  -0.5    0.4   16.9 |15223006
	   0.27  -0.03  -9.78 |  -0.4    0.4   16.3 |15243840
	   0.24  -0.07  -9.81 |  -0.4    0.5   16.1 |15264752
	   0.23  -0.06  -9.83 |  -0.5    0.4   15.3 |15285659
	   0.23  -0.05  -9.81 |  -0.6    0.5   15.0 |15306528
	   0.21  -0.05  -9.81 |  -0.4    0.5   14.3 |15327445
	   0.21  -0.06  -9.81 |  -0.5    0.5   13.7 |15348337
	   0.21  -0.05  -9.83 |  -0.7    0.6   12.8 |15369225
	   0.22  -0.04  -9.84 |  -0.3    0.4   12.3 |15390107
	   0.22  -0.09  -9.81 |  -0.6    0.4   11.5 |15411012
	   0.20  -0.06  -9.89 |  -0.5    0.2   10.5 |15431865
	   0.20  -0.06  -9.81 |  -0.2    0.1    9.7 |15452720
	   0.23  -0.02  -9.83 |  -0.5    0.6    9.0 |15473772
	   0.23  -0.03  -9.80 |  -0.4    0.3    8.2 |15494638
	   0.24  -0.01  -9.90 |  -0.2    0.0    7.3 |15515588
	   0.19  -0.05  -9.84 |  -0.4    0.2    6.3 |15536446
	   0.22  -0.05  -9.90 |  -0.4    0.1    5.2 |15557289
	   0.21  -0.05  -9.80 |  -0.2    0.2    4.5 |15578128
	   0.24  -0.02  -9.84 |  -0.3    0.0    3.5 |15599761
	   0.23  -0.03  -9.91 |  -0.1    0.1    2.2 |15620957
	   0.23  -0.04  -9.83 |   0.1    0.1    1.2 |15642149
	   0.18  -0.04  -9.80 |   0.0    0.2    0.5 |15663556
	   0.24  -0.01  -9.90 |   0.1    0.0   -0.6 |15685225
	   0.21  -0.04  -9.82 |   0.2    0.0   -1.7 |15706268
	   0.24  -0.05  -9.82 |   0.4   -0.2   -3.0 |15727318
	   0.22  -0.02  -9.92 |   0.2   -0.4   -3.7 |15748235
	   0.19  -0.00  -9.83 |   0.5   -0.3   -4.8 |15769115
	   0.21  -0.02  -9.83 |   0.4   -0.3   -5.8 |15790058
	   0.22  -0.02  -9.84 |   0.5   -0.3   -6.8 |15811030
	   0.21  -0.03  -9.82 |   0.5   -0.3   -7.6 |15831925
	   0.24  -0.04  -9.83 |   0.4   -0.2   -8.5 |15852830
	   0.22  -0.05  -9.81 |   0.5   -0.5   -9.3 |15873734
	   0.23  -0.04  -9.83 |   0.6   -0.5  -10.2 |15894678
	   0.23  -0.04  -9.87 |   0.5   -0.3  -11.1 |15915596
	   0.22  -0.04  -9.82 |   0.4   -0.2  -12.0 |15936456
	   0.21  -0.04  -9.83 |   0.4   -0.2  -12.6 |15957311
	   0.22  -0.09  -9.83 |   0.4   -0.2  -13.4 |15978161
	   0.21  -0.06  -9.87 |   0.4   -0.5  -13.9 |15999021
	   0.20  -0.02  -9.84 |   0.4   -0.3  -14.5 |16019905
	   0.23  -0.05  -9.84 |   0.2   -0.4  -15.1 |16040805
	   0.19   0.00  -9.91 |   0.5   -0.1  -15.7 |16061664
	   0.22  -0.00  -9.80 |   0.4   -0.1  -16.0 |16082515
	   0.19  -0.02  -9.86 |   0.4   -0.3  -16.7 |16103360
	   0.24  -0.06  -9.78 |   0.3   -0.1  -17.2 |16124217
	   0.21  -0.06  -9.86 |   0.3   -0.2  -17.4 |16145070
	   0.22  -0.01  -9.80 |   0.3   -0.1  -17.9 |16165917
	   0.21  -0.05  -9.87 |   0.5    0.0  -17.9 |16186764
	   0.22  -0.03  -9.93 |   0.4    0.1  -18.1 |16207730
	   0.24  -0.01  -9.79 |   0.3   -0.2  -18.4 |16228590
	   0.19  -0.06  -9.85 |   0.4    0.0  -18.3 |16249433
	   0.20  -0.04  -9.84 |   0.2   -0.1  -18.2 |16270274
	   0.19  -0.02  -9.87 |   0.4   -0.1  -18.2 |16291119
	   0.23  -0.02  -9.82 |   0.3   -0.1  -18.2 |16312069
	   0.22  -0.05  -9.92 |   0.4   -0.2  -18.1 |16332992
	   0.24  -0.02  -9.83 |   0.4   -0.2  -17.9 |16353898
	   0.21  -0.02  -9.85 |   0.4   -0.4  -17.7 |16374834
	   0.18  -0.04  -9.90 |   0.3   -0.2  -17.2 |16395866
	   0.20  -0.04  -9.92 |   0.5   -0.1  -17.0 |16416753
	   0.18  -0.04  -9.79 |   0.6   -0.4  -16.6 |16437633
	   0.17  -0.01  -9.90 |   0.5   -0.2  -16.1 |16458514
	   0.23  -0.01  -9.87 |   0.7   -0.4  -15.7 |16479372
	   0.23  -0.03  -9.89 |   0.5   -0.4  -15.1 |16500230
	   0.20  -0.05  -9.84 |   0.5   -0.3  -14.5 |16521117
	   0.24  -0.04  -9.86 |   0.7   -0.3  -13.9 |16541989
	   0.23   0.01  -9.87 |   0.5   -0.4  -13.0 |16562842
	   0.22  -0.05  -9.82 |   0.4   -0.2  -12.5 |16583687
	   0.20  -0.03  -9.87 |   0.4   -0.4  -11.8 |16604524
	   0.22  -0.04  -9.80 |   0.4   -0.5  -10.9 |16625364
	   0.26  -0.03  -9.87 |   0.5   -0.2  -10.2 |16646196
	   0.22  -0.02  -9.87 |   0.4   -0.2   -9.3 |16667039
	   0.22  -0.04  -9.86 |   0.3   -0.4   -8.4 |16687916
	   0.22  -0.03  -9.83 |   0.4    0.0   -7.6 |16708844
	   0.22  -0.04  -9.80 |   0.1   -0.2   -6.3 |16729710
	   0.23  -0.06  -9.83 |   0.4   -0.4   -5.4 |16750566
	   0.22  -0.06  -9.86 |   0.1   -0.2   -4.6 |16771413
	   0.19  -0.05  -9.87 |   0.2    0.0   -3.7 |16792254
	   0.20  -0.05  -9.89 |   0.2   -0.2   -2.7 |16813092
	   0.22  -0.04  -9.87 |   0.1   -0.1   -1.8 |16833986
	   0.20  -0.05  -9.86 |   0.0   -0.1   -0.7 |16854903
	   0.23   0.01  -9.83 |   0.1    0.1    0.4 |16875916
	   0.23  -0.02  -9.86 |   0.0    0.2    1.2 |16896839
	   0.22  -0.03  -9.80 |  -0.2    0.1    2.2 |16917739
	   0.22   0.00  -9.71 |  -0.3   -0.1    3.2 |16938578
	   0.21  -0.08  -9.90 |  -0.2    0.1    4.3 |16959450
	   0.21  -0.07  -9.78 |  -0.1    0.2    5.2 |16980316
	   0.22  -0.06  -9.88 |  -0.4    0.1    6.0 |17001344
	   0.22  -0.06  -9.83 |  -0.2    0.0    7.1 |17022234
	   0.21  -0.06  -9.94 |  -0.5    0.2    8.0 |17043138
	   0.21  -0.05  -9.77 |  -0.5    0.3    8.9 |17064015
	   0.23  -0.02  -9.83 |  -0.3    0.4    9.8 |17084906
	   0.23  -0.03  -9.85 |  -0.4    0.2   10.6 |17105763
	   0.22  -0.06  -9.90 |  -0.3    0.3   11.5 |17126611
	   0.25  -0.04  -9.82 |  -0.5    0.3   12.1 |17147449
	   0.22  -0.06  -9.89 |  -0.4    0.4   12.9 |17168285
	   0.22  -0.05  -9.83 |  -0.4    0.2   13.5 |17189115
	   0.23  -0.11  -9.86 |  -0.6    0.3   14.2 |17209948
	   0.26  -0.04  -9.84 |  -0.4    0.3   14.8 |17230780
	   0.21  -0.06  -9.84 |  -0.4    0.0   15.2 |17252038
	   0.22  -0.04  -9.79 |  -0.7    0.4   15.7 |17272933
	   0.23  -0.05  -9.84 |  -0.4    0.1   16.1 |17293792
	   0.23  -0.07  -9.80 |  -0.4   -0.1   16.7 |17314679
	   0.23  -0.05  -9.84 |  -0.4    0.3   17.0 |17335728
	   0.21  -0.05  -9.91 |  -0.5    0.1   17.3 |17356687
	   0.20  -0.02  -9.82 |  -0.4    0.1   17.5 |17377622
	   0.22  -0.08  -9.89 |  -0.4    0.2   17.6 |17398555
	   0.21  -0.03  -9.82 |  -0.3    0.2   17.9 |17419473
	   0.22  -0.08  -9.87 |  -0.5    0.1   18.0 |17440337
	   0.23  -0.05  -9.87 |  -0.4    0.2   18.1 |17461286
	   0.21  -0.09  -9.81 |  -0.4    0.1   18.0 |17482168
	   0.23  -0.07  -9.79 |  -0.5    0.0   18.0 |17503021
	   0.22  -0.02  -9.85 |  -0.4    0.2   17.9 |17523869
	   0.21  -0.06  -9.83 |  -0.4    0.1   17.8 |17544724
	   0.22  -0.04  -9.87 |  -0.4    0.2   17.4 |17565615
	   0.22  -0.01  -9.83 |  -0.5    0.2   17.2 |17586468
	   0.23  -0.10  -9.90 |  -0.5    0.3   16.7 |17607330
	   0.24  -0.06  -9.84 |  -0.8    0.1   16.5 |17628176
	   0.19  -0.02  -9.84 |  -0.3    0.2   16.1 |17648989
	   0.22  -0.04  -9.79 |  -0.5    0.4   15.6 |17669827
	   0.22  -0.07  -9.79 |  -0.5    0.1   15.0 |17690743
	   0.21  -0.04  -9.91 |  -0.7    0.1   14.6 |17711743
	   0.23  -0.05  -9.91 |  -0.5    0.2   13.7 |17732617
	   0.26  -0.05  -9.80 |  -0.5    0.1   13.1 |17753464
	   0.21  -0.08  -9.80 |  -0.5    0.3   12.5 |17774309
	   0.22  -0.04  -9.82 |  -0.5    0.4   11.8 |17795157
	   0.23  -0.03  -9.81 |  -0.5    0.2   10.9 |17816004
	   0.24  -0.01  -9.89 |  -0.4    0.4   10.2 |17836844
	   0.24  -0.02  -9.88 |  -0.5    0.2    9.3 |17857745
	   0.24  -0.06  -9.86 |  -0.6    0.4    8.4 |17878692
	   0.24  -0.03  -9.86 |  -0.5    0.5    7.7 |17899609
	   0.25  -0.01  -9.81 |  -0.3    0.5    6.7 |17920543
	   0.25  -0.05  -9.85 |  -0.4    0.4    5.6 |17941449
	   0.23  -0.05  -9.78 |  -0.4    0.2    4.8 |17962305
	   0.22  -0.07  -9.86 |  -0.1    0.2    3.8 |17983317
	   0.24  -0.07  -9.84 |  -0.3    0.1    2.9 |18004193
	   0.22  -0.04  -9.81 |  -0.2    0.1    1.8 |18025090
	   0.29  -0.07  -9.83 |   0.1    0.1    0.8 |18045987
	   0.29  -0.08  -9.81 |  -0.1    0.1   -0.2 |18066913
	   0.23  -0.03  -9.80 |   0.0   -0.2   -1.0 |18087855
	   0.23  -0.09  -9.86 |   0.0   -0.1   -2.1 |18108704
	   0.22  -0.04  -9.84 |   0.0    0.1   -2.9 |18129544
	   0.21  -0.01  -9.82 |   0.1   -0.1   -4.0 |18150379
	   0.20  -0.01  -9.85 |   0.3   -0.1   -5.0 |18171215
	   0.25  -0.03  -9.82 |   0.2   -0.2   -5.8 |18192043
	   0.22  -0.02  -9.82 |   0.1    0.0   -6.8 |18212875
	   0.22  -0.03  -9.84 |   0.5   -0.4   -7.8 |18233706
	   0.23  -0.04  -9.85 |   0.5   -0.2   -8.6 |18254537
	   0.22  -0.01  -9.83 |   0.2   -0.3   -9.5 |18275374
	   0.24  -0.01  -9.88 |   0.4   -0.2  -10.3 |18296212
	   0.23  -0.03  -9.80 |   0.4   -0.5  -11.0 |18317056
	   0.21  -0.03  -9.87 |   0.2   -0.1  -11.8 |18337894
	   0.22   0.00  -9.94 |   0.3   -0.2  -12.5 |18358774
	   0.24  -0.05  -9.81 |   0.4   -0.2  -13.2 |18379718
	   0.20  -0.08  -9.86 |   0.4   -0.1  -13.9 |18400656
	   0.29  -0.03  -9.80 |   0.4   -0.2  -14.5 |18421513
	   0.22  -0.03  -9.90 |   0.5   -0.1  -15.0 |18442517
	   0.22  -0.01  -9.83 |   0.4   -0.1  -15.6 |18463490
	   0.21  -0.04  -9.84 |   0.4    0.0  -16.0 |18484371
	   0.22  -0.05  -9.85 |   0.2   -0.1  -16.5 |18505249
	   0.21  -0.03  -9.85 |   0.4   -0.1  -16.8 |18526290
	   0.21  -0.05  -9.81 |   0.4    0.1  -17.3 |18547282
	   0.21  -0.03  -9.83 |   0.5   -0.1  -17.5 |18568149
	   0.18  -0.03  -9.88 |   0.4    0.0  -17.6 |18589001
	   0.22  -0.01  -9.78 |   0.2   -0.1  -17.8 |18609859
	   0.22  -0.02  -9.81 |   0.4   -0.2  -17.8 |18630699
	   0.23  -0.06  -9.86 |   0.4   -0.1  -17.9 |18651541
	   0.22  -0.05  -9.82 |   0.2    0.0  -18.1 |18672401
	   0.22  -0.03  -9.84 |   0.4    0.0  -18.1 |18693284
	   0.21  -0.01  -9.85 |   0.2    0.0  -17.8 |18714186
	   0.21  -0.02  -9.79 |   0.4   -0.1  -17.6 |18735045
	   0.22   0.04  -9.85 |   0.4   -0.1  -17.4 |18755891
	   0.24  -0.02  -9.83 |   0.3   -0.2  -17.3 |18776731
	   0.25  -0.04  -9.87 |   0.2   -0.2  -17.0 |18797570
	   0.21  -0.04  -9.86 |   0.4    0.0  -16.5 |18818408
	   0.22  -0.06  -9.86 |   0.4   -0.1  -16.0 |18839278
	   0.20  -0.04  -9.78 |   0.4    0.0  -15.6 |18860134
	   0.21   0.01  -9.79 |   0.3   -0.1  -15.2 |18881021
	   0.19  -0.05  -9.85 |   0.3   -0.1  -14.7 |18901857
	   0.22  -0.02  -9.83 |   0.4   -0.2  -14.2 |18922772
	   0.22  -0.06  -9.86 |   0.3   -0.1  -13.5 |18943696
	   0.18  -0.01  -9.78 |   0.5   -0.2  -12.8 |18964579
	   0.23  -0.02  -9.82 |   0.4   -0.1  -12.1 |18985432
	   0.19  -0.02  -9.74 |   0.5   -0.2  -11.2 |19006247
	   0.18  -0.03  -9.79 |   0.3   -0.2  -10.4 |19027130
	   0.19  -0.04  -9.77 |   0.6   -0.4   -9.7 |19048031
	   0.22  -0.02  -9.80 |   0.4   -0.1   -8.9 |19068959
	   0.20  -0.01  -9.94 |   0.4   -0.4   -8.0 |19089821
	   0.19  -0.00  -9.81 |   0.4   -0.1   -7.1 |19110676
	   0.23  -0.01  -9.85 |   0.3   -0.2   -6.1 |19131650
	   0.19  -0.04  -9.89 |   0.4   -0.1   -5.2 |19152511
	   0.19  -0.05  -9.76 |   0.4   -0.2   -4.2 |19173376
	   0.22  -0.07  -9.81 |   0.2   -0.2   -3.2 |19194217
	   0.23  -0.04  -9.80 |   0.2   -0.1   -2.2 |19215085
	   0.21  -0.06  -9.81 |   0.2    0.0   -1.5 |19235933
	   0.22  -0.01  -9.88 |   0.1   -0.3   -0.4 |19256778
	   0.25  -0.03  -9.83 |   0.2    0.0    0.5 |19277616
	   0.22  -0.04  -9.86 |   0.2   -0.1    1.5 |19298495
	   0.18  -0.04  -9.80 |   0.1   -0.1    2.6 |19319340
	   0.20  -0.06  -9.82 |  -0.1    0.0    3.5 |19340176
	   0.20  -0.00  -9.85 |  -0.1    0.1    4.4 |19361049
	   0.20  -0.06  -9.77 |  -0.1    0.1    5.5 |19381922
	   0.18  -0.04  -9.82 |   0.0    0.1    6.3 |19402769
	   0.23  -0.04  -9.83 |  -0.2    0.0    7.1 |19423722
	   0.17  -0.06  -9.81 |  -0.1    0.4    8.1 |19444565
	   0.19  -0.02  -9.77 |  -0.2    0.2    9.0 |19465473
	   0.23  -0.05  -9.88 |  -0.1    0.1    9.8 |19486440
	   0.24  -0.03  -9.85 |  -0.2    0.4   10.6 |19507673
	   0.22  -0.06  -9.87 |  -0.4    0.0   11.3 |19528825
	   0.19  -0.04  -9.83 |  -0.2    0.2   12.0 |19549668
	   0.25  -0.02  -9.85 |  -0.3    0.2   12.8 |19570552
	   0.22  -0.04  -9.77 |  -0.4    0.2   13.4 |19591420
	   0.16  -0.03  -9.80 |  -0.3    0.2   13.9 |19612268
	   0.25  -0.08  -9.90 |  -0.4    0.2   14.5 |19633112
	   0.22  -0.02  -9.86 |  -0.1    0.2   15.0 |19653964
	   0.22  -0.05  -9.88 |  -0.1    0.1   15.6 |19674866
	   0.23  -0.02  -9.87 |  -0.4    0.2   16.1 |19695816
	   0.22  -0.06  -9.78 |  -0.3    0.0   16.4 |19716720
	   0.20  -0.04  -9.86 |  -0.3    0.2   16.8 |19737580
	   0.25  -0.01  -9.81 |  -0.3    0.1   16.9 |19758425
	   0.22  -0.04  -9.83 |  -0.2    0.2   17.4 |19779400
	   0.25  -0.05  -9.80 |  -0.4    0.1   17.4 |19800264
	   0.22  -0.07  -9.79 |  -0.3    0.2   17.5 |19821133
	   0.22  -0.05  -9.86 |  -0.4   -0.1   17.6 |19841981
	   0.25  -0.01  -9.80 |  -0.1   -0.1   17.8 |19862826
	   0.22  -0.05  -9.87 |  -0.3    0.2   17.6 |19883669
	   0.27  -0.04  -9.83 |  -0.4    0.1   17.6 |19904605
	   0.27  -0.04  -9.93 |  -0.5    0.0   17.5 |19925466
	   0.23  -0.04  -9.89 |  -0.4    0.2   17.4 |19946342
	   0.22  -0.04  -9.85 |  -0.4    0.1   17.1 |19967221
	   0.22  -0.03  -9.84 |  -0.4    0.3   16.6 |19988148
	   0.25  -0.04  -9.86 |  -0.4    0.2   16.4 |20012456
	   0.22  -0.05  -9.89 |  -0.6    0.2   15.9 |20033448
	   0.23  -0.06  -9.81 |  -0.2    0.1   15.4 |20054575
	   0.22  -0.03  -9.80 |  -0.4    0.1   15.0 |20075453
	   0.24  -0.08  -9.88 |  -0.4    0.4   14.3 |20096342
	   0.21  -0.06  -9.86 |  -0.4    0.3   13.9 |20117217
	   0.23  -0.07  -9.90 |  -0.3    0.4   13.3 |20138077
	   0.24  -0.06  -9.86 |  -0.6    0.2   12.5 |20158922
	   0.26  -0.07  -9.85 |  -0.5    0.3   11.8 |20179827
	   0.23  -0.07  -9.80 |  -0.5    0.3   11.2 |20200671
	   0.25  -0.07  -9.82 |  -0.4    0.2   10.3 |20221503
	   0.24  -0.03  -9.79 |  -0.5    0.4    9.6 |20242334
	   0.22  -0.03  -9.79 |  -0.6    0.3    8.7 |20263272
	   0.19  -0.04  -9.87 |  -0.6    0.3    7.9 |20284132
	   0.19  -0.05  -9.83 |  -0.4    0.4    7.0 |20304985
	   0.21  -0.03  -9.88 |  -0.3    0.4    6.2 |20325826
	   0.26  -0.02  -9.78 |  -0.4    0.5    5.1 |20346662
	   0.25  -0.07  -9.85 |  -0.2    0.3    4.3 |20367583
	   0.22  -0.03  -9.76 |  -0.4    0.2    3.4 |20388469
	   0.26  -0.03  -9.80 |  -0.3    0.1    2.5 |20409336
	   0.24  -0.04  -9.88 |  -0.2    0.2    1.3 |20430186
	   0.24  -0.07  -9.81 |  -0.1   -0.1    0.4 |20451032
	   0.26  -0.06  -9.81 |   0.0   -0.1   -0.6 |20471882
	   0.25  -0.03  -9.84 |   0.2    0.0   -1.5 |20492786
	   0.24  -0.05  -9.86 |  -0.1    0.2   -2.4 |20513711
	   0.23  -0.04  -9.83 |  -0.1    0.1   -3.4 |20534630
	   0.18  -0.07  -9.86 |   0.1   -0.2   -4.3 |20555565
	   0.22  -0.07  -9.81 |   0.1    0.0   -5.2 |20576460
	   0.23  -0.01  -9.85 |   0.1    0.0   -6.2 |20597353
	   0.23  -0.06  -9.81 |   0.1   -0.1   -7.0 |20618220
	   0.24  -0.03  -9.81 |   0.1   -0.2   -8.2 |20639072
	   0.24  -0.06  -9.73 |   0.2   -0.2   -8.8 |20659916
	   0.21  -0.04  -9.79 |   0.5   -0.2   -9.6 |20680765
	   0.22  -0.04  -9.84 |   0.4   -0.1  -10.4 |20701646
	   0.22  -0.07  -9.81 |   0.2   -0.2  -11.2 |20722555
	   0.21  -0.07  -9.75 |   0.3    0.0  -12.0 |20743421
	   0.27  -0.06  -9.89 |   0.3   -0.1  -12.6 |20764270
	   0.22  -0.06  -9.92 |   0.5   -0.2  -13.4 |20785115
	   0.18  -0.02  -9.87 |   0.4   -0.2  -13.9 |20805959
	   0.21  -0.03  -9.86 |   0.5   -0.1  -14.5 |20826800
	   0.23  -0.05  -9.85 |   0.4   -0.1  -15.0 |20847644
	   0.24  -0.01  -9.79 |   0.4    0.0  -15.4 |20868524
	   0.22  -0.02  -9.87 |   0.1    0.1  -15.9 |20889378
	   0.22  -0.03  -9.82 |   0.3    0.1  -16.4 |20910231
	   0.22  -0.05  -9.86 |   0.3   -0.1  -16.7 |20931091
	   0.25  -0.04  -9.87 |   0.2   -0.2  -17.1 |20951933
	   0.27  -0.04  -9.77 |   0.2   -0.1  -17.2 |20972776
	   0.22  -0.07  -9.89 |   0.3    0.1  -17.5 |20993615
	   0.24  -0.03  -9.82 |   0.3   -0.1  -17.5 |21014453
	   0.20  -0.04  -9.83 |   0.2   -0.3  -17.5 |21035354
	   0.21  -0.02  -9.88 |   0.2    0.2  -17.7 |21056301
	   0.23  -0.07  -9.86 |   0.4    0.1  -17.6 |21077216
	   0.19  -0.02  -9.82 |   0.2   -0.1  -17.6 |21098116
	   0.23  -0.01  -9.86 |   0.5    0.1  -17.4 |21119168
	   0.18  -0.04  -9.77 |   0.5    0.1  -17.2 |21140055
	   0.18  -0.04  -9.84 |   0.0   -0.2  -17.1 |21160972
	   0.21  -0.06  -9.88 |   0.4    0.1  -16.8 |21181910
	   0.23  -0.06  -9.91 |   0.2    0.1  -16.4 |21202885
	   0.25  -0.01  -9.82 |   0.2    0.1  -16.0 |21223880
	   0.22  -0.03  -9.86 |   0.2    0.1  -15.7 |21244862
	   0.22  -0.02  -9.85 |   0.1   -0.1  -15.1 |21265767
	   0.23   0.00  -9.80 |   0.3   -0.2  -14.6 |21286715
	   0.22  -0.06  -9.87 |   0.3   -0.1  -14.1 |21307873
	   0.18  -0.05  -9.84 |   0.3    0.1  -13.4 |21328822
	   0.21  -0.05  -9.80 |   0.3    0.0  -12.8 |21349722
	   0.21   0.00  -9.83 |   0.2   -0.1  -12.1 |21370631
	   0.22   0.01  -9.75 |   0.2   -0.1  -11.3 |21391556
	   0.21  -0.02  -9.85 |   0.5   -0.1  -10.7 |21412450
	   0.26  -0.04  -9.82 |   0.3   -0.1   -9.7 |21433403
	   0.21  -0.06  -9.84 |   0.4   -0.2   -9.2 |21454291
	   0.22  -0.03  -9.84 |   0.3    0.1   -8.2 |21475245
	   0.22  -0.01  -9.85 |   0.2   -0.2   -7.4 |21496112
	   0.18  -0.04  -9.74 |   0.2   -0.1   -6.4 |21516961
	   0.21  -0.04  -9.87 |   0.1    0.0   -5.6 |21537807
	   0.23  -0.02  -9.76 |   0.2   -0.2   -4.6 |21558670
	   0.22  -0.04  -9.76 |   0.0   -0.2   -3.9 |21579718
	   0.18  -0.07  -9.81 |   0.2    0.0   -2.9 |21600597
	   0.20  -0.07  -9.80 |   0.2   -0.2   -1.7 |21621450
	   0.19  -0.03  -9.84 |   0.2   -0.1   -0.9 |21642295
	   0.23  -0.02  -9.88 |   0.1    0.0    0.0 |21663239
	   0.19  -0.05  -9.81 |   0.0   -0.3    1.1 |21684095
	   0.20  -0.05  -9.84 |   0.1    0.0    1.9 |21704957
	   0.18  -0.02  -9.90 |   0.1    0.1    3.1 |21725839
	   0.18  -0.02  -9.80 |   0.1    0.1    3.8 |21746702
	   0.18  -0.01  -9.86 |  -0.1   -0.1    4.8 |21767650
	   0.19  -0.03  -9.83 |  -0.1   -0.3    5.8 |21788518
	   0.21  -0.01  -9.89 |  -0.2    0.1    6.7 |21809384
	   0.21  -0.07  -9.80 |  -0.2    0.2    7.6 |21830237
	   0.21  -0.06  -9.92 |   0.1    0.2    8.3 |21851080
	   0.17  -0.03  -9.82 |  -0.2    0.0    9.3 |21871924
	   0.23  -0.04  -9.77 |  -0.2    0.1    9.9 |21892786
	   0.19  -0.03  -9.85 |  -0.2    0.1   10.7 |21913642
	   0.18  -0.05  -9.77 |  -0.3    0.0   11.4 |21934494
	   0.22  -0.06  -9.72 |  -0.4    0.2   12.1 |21955331
	   0.22  -0.07  -9.82 |  -0.1    0.2   13.1 |21976196
	   0.24  -0.03  -9.87 |  -0.2    0.3   13.5 |21997071
	   0.24  -0.09  -9.86 |  -0.1    0.0   13.9 |22017917
	   0.20  -0.05  -9.81 |  -0.4    0.1   14.5 |22038809
	   0.20  -0.04  -9.79 |  -0.3    0.3   15.1 |22059689
	   0.19  -0.03  -9.81 |  -0.5    0.1   15.6 |22080543
	   0.20  -0.03  -9.84 |  -0.5   -0.1   15.9 |22101481
	   0.18  -0.02  -9.83 |  -0.2    0.1   16.4 |22122492
	   0.20  -0.01  -9.82 |  -0.2    0.1   16.6 |22143417
	   0.21  -0.06  -9.80 |  -0.4    0.1   16.8 |22164311
	   0.19  -0.03  -9.83 |  -0.4    0.4   17.0 |22185316
	   0.22  -0.06  -9.80 |  -0.4    0.1   17.1 |22206315
	   0.20  -0.05  -9.85 |  -0.3    0.0   17.3 |22227348
	   0.23  -0.04  -9.82 |  -0.3    0.2   17.5 |22249175
	   0.24  -0.04  -9.83 |  -0.1   -0.1   17.3 |22270078
	   0.22  -0.04  -9.82 |  -0.3    0.1   17.3 |22291030
	   0.22  -0.03  -9.80 |  -0.3   -0.1   17.2 |22311919
	   0.23  -0.05  -9.86 |  -0.4    0.1   17.0 |22332770
	   0.19  -0.06  -9.90 |  -0.1    0.3   16.7 |22353616
	   0.27  -0.03  -9.82 |  -0.2    0.1   16.5 |22374507
	   0.21  -0.03  -9.88 |  -0.4    0.1   16.1 |22395422
	   0.22  -0.04  -9.82 |  -0.2    0.0   16.0 |22416307
	   0.20  -0.03  -9.77 |  -0.3    0.0   15.5 |22437162
	   0.20  -0.01  -9.78 |  -0.2    0.1   15.0 |22458028
	   0.22  -0.01  -9.94 |  -0.4    0.2   14.3 |22478902
	   0.23  -0.02  -9.86 |  -0.3    0.3   13.9 |22499856
	   0.21  -0.06  -9.84 |  -0.4    0.0   13.1 |22520719
	   0.23  -0.07  -9.88 |  -0.3    0.2   12.8 |22541563
	   0.18  -0.06  -9.94 |  -0.2    0.0   12.1 |22562516
	   0.21  -0.07  -9.88 |  -0.1    0.2   11.4 |22583465
	   0.23  -0.08  -9.80 |  -0.3    0.2   10.6 |22604363
	   0.22  -0.06  -9.85 |  -0.4    0.1    9.8 |22625237
	   0.21  -0.05  -9.79 |  -0.2    0.2    9.2 |22646136
	   0.24  -0.03  -9.84 |  -0.3    0.1    8.2 |22667031
	   0.23  -0.06  -9.83 |  -0.4    0.4    7.4 |22687885
	   0.24  -0.00  -9.85 |  -0.3    0.2    6.5 |22708766
	   0.23  -0.05  -9.84 |  -0.2    0.3    5.7 |22729674
	   0.21  -0.09  -9.84 |  -0.3    0.2    4.6 |22750534
	   0.21  -0.08  -9.80 |  -0.2    0.2    3.7 |22771382
	   0.22  -0.08  -9.86 |  -0.2    0.1    2.9 |22792222
	   0.25  -0.04  -9.88 |  -0.2    0.2    2.0 |22813062
	   0.28  -0.09  -9.79 |  -0.1    0.1    1.0 |22833898
	   0.24  -0.07  -9.77 |  -0.1    0.1    0.1 |22854776
	   0.22  -0.06  -9.81 |  -0.1   -0.1   -0.9 |22875703
	   0.26  -0.08  -9.86 |   0.1    0.0   -2.0 |22896554
	   0.28  -0.02  -9.88 |   0.1   -0.1   -3.0 |22917406
	   0.25  -0.06  -9.85 |   0.1   -0.1   -3.8 |22938237
	   0.21  -0.08  -9.84 |   0.1   -0.1   -4.6 |22959079
	   0.26  -0.05  -9.80 |   0.0   -0.2   -5.4 |22979924
	   0.22  -0.07  -9.77 |   0.1    0.1   -6.3 |23000761
	   0.25  -0.06  -9.84 |   0.2   -0.1   -7.3 |23021600
	   0.24  -0.07  -9.79 |   0.2   -0.1   -8.1 |23042491
	   0.20  -0.05  -9.84 |   0.4   -0.1   -9.1 |23063364
	   0.25  -0.03  -9.86 |   0.5    0.1   -9.9 |23084224
	   0.23  -0.03  -9.84 |   0.1    0.1  -10.7 |23105146
	   0.26  -0.06  -9.80 |   0.2   -0.2  -11.3 |23126290
	   0.24  -0.05  -9.79 |   0.5   -0.1  -12.1 |23147313
	   0.23  -0.06  -9.83 |   0.2   -0.3  -12.7 |23168217
	   0.21  -0.07  -9.84 |   0.3   -0.2  -13.2 |23191732
	   0.24  -0.10  -9.90 |   0.4   -0.2  -13.9 |23212707
	   0.26  -0.04  -9.87 |   0.4   -0.2  -14.5 |23233592
	   0.22  -0.04  -9.78 |   0.4   -0.1  -15.0 |23254480
	   0.25  -0.08  -9.79 |   0.2   -0.2  -15.4 |23275346
	   0.23  -0.07  -9.87 |   0.3   -0.1  -16.0 |23296219
	   0.24  -0.04  -9.84 |   0.2   -0.3  -16.2 |23317156
	   0.21  -0.04  -9.83 |   0.5   -0.1  -16.6 |23338111
	   0.21  -0.04  -9.83 |   0.4   -0.2  -16.9 |23359050
	   0.21  -0.05  -9.87 |   0.4    0.1  -17.1 |23379965
	   0.22  -0.09  -9.86 |   0.2   -0.1  -17.2 |23400871
	   0.21  -0.05  -9.86 |   0.2    0.0  -17.4 |23421727
	   0.17  -0.05  -9.84 |   0.1   -0.1  -17.5 |23442582
	   0.19  -0.02  -9.87 |   0.3   -0.1  -17.5 |23463447
	   0.26  -0.03  -9.90 |   0.3    0.1  -17.2 |23484314
	   0.25  -0.06  -9.86 |   0.1    0.0  -17.3 |23505162
	   0.23  -0.05  -9.82 |   0.2   -0.1  -16.9 |23526005
	   0.24  -0.06  -9.81 |   0.2   -0.1  -17.2 |23546840
	   0.18  -0.03  -9.88 |   0.2    0.1  -16.5 |23567714
	   0.20  -0.02  -9.77 |   0.3   -0.1  -16.2 |23588568
	   0.22  -0.04  -9.80 |   0.2    0.0  -16.0 |23609414
	   0.21  -0.02  -9.85 |   0.2    0.1  -15.6 |23630251
	   0.25  -0.04  -9.90 |  -0.1    0.1  -15.3 |23651093
	   0.22  -0.05  -9.91 |   0.2   -0.1  -14.6 |23671929
	   0.21  -0.07  -9.86 |   0.2   -0.1  -14.2 |23692761
	   0.23  -0.08  -9.83 |   0.1    0.0  -13.5 |23713632
	   0.18  -0.02  -9.81 |   0.2   -0.1  -13.0 |23734512
	   0.19  -0.04  -9.86 |   0.2    0.1  -12.3 |23755374
	   0.21  -0.02  -9.78 |   0.2   -0.1  -11.7 |23784290
	   0.23  -0.04  -9.87 |   0.2    0.2  -10.5 |23805487
	   0.22  -0.05  -9.82 |   0.1    0.2   -9.8 |23826674
	   0.20  -0.05  -9.86 |   0.1    0.0   -9.0 |23847863
	   0.23  -0.06  -9.87 |   0.1    0.0   -8.1 |23868897
	   0.20  -0.06  -9.84 |   0.3    0.1   -7.3 |23889885
	   0.23  -0.03  -9.83 |   0.1    0.1   -6.5 |23910852
	   0.21  -0.05  -9.78 |   0.2    0.0   -5.6 |23931979
	   0.21  -0.02  -9.89 |   0.2   -0.1   -4.5 |23952889
	   0.20  -0.05  -9.85 |   0.0    0.1   -3.7 |23973724
	   0.22  -0.02  -9.77 |   0.0   -0.1   -2.6 |23994653
	   0.23  -0.06  -9.84 |   0.0   -0.2   -1.7 |24015566
	   0.22  -0.01  -9.86 |   0.0    0.2   -1.0 |24036471
	   0.22  -0.03  -9.79 |   0.0    0.1    0.1 |24057393
	   0.22  -0.05  -9.86 |  -0.1    0.3    1.2 |24078250
	   0.21  -0.03  -9.88 |   0.0    0.0    2.0 |24099110
	   0.19  -0.06  -9.90 |  -0.1    0.0    2.9 |24119963
	   0.24  -0.06  -9.77 |   0.0   -0.1    3.9 |24140816
	   0.22  -0.01  -9.80 |  -0.1    0.0    4.7 |24161756
	   0.18  -0.04  -9.83 |  -0.1    0.1    5.6 |24182726
	   0.21  -0.03  -9.77 |  -0.2    0.5    6.7 |24203695
	   0.21  -0.04  -9.77 |  -0.1    0.1    7.4 |24224619
	   0.20  -0.05  -9.78 |  -0.2    0.1    8.3 |24245507
	   0.21  -0.05  -9.90 |  -0.4    0.2    9.0 |24266386
	   0.19  -0.03  -9.83 |  -0.2    0.2    9.9 |24287287
	   0.21  -0.01  -9.84 |  -0.2    0.2   10.5 |24308151
	   0.20  -0.04  -9.83 |  -0.4    0.0   11.4 |24329004
	   0.20  -0.05  -9.80 |  -0.5    0.2   12.0 |24349822
	   0.19  -0.01  -9.77 |  -0.2    0.0   12.6 |24370767
	   0.19  -0.04  -9.81 |  -0.2    0.2   13.2 |24391679
	   0.22  -0.06  -9.89 |  -0.4    0.1   13.7 |24412548
	   0.22  -0.03  -9.74 |  -0.3    0.1   14.2 |24433395
	   0.24  -0.05  -9.89 |  -0.4    0.1   14.9 |24454241
	   0.22  -0.06  -9.80 |  -0.2    0.1   15.3 |24475091
	   0.22  -0.06  -9.86 |  -0.4    0.3   15.6 |24495960
	   0.22  -0.01  -9.81 |  -0.4    0.0   16.1 |24516831
	   0.20   0.00  -9.82 |  -0.4    0.2   16.3 |24537679
	   0.21  -0.05  -9.82 |  -0.4    0.4   16.5 |24558520
	   0.19  -0.02  -9.82 |  -0.4   -0.1   16.8 |24579361
	   0.23  -0.00  -9.88 |  -0.1    0.2   16.8 |24600210
	   0.22  -0.04  -9.82 |  -0.4    0.2   17.1 |24621054
	   0.21  -0.03  -9.77 |  -0.3    0.0   17.2 |24641894
	   0.23  -0.03  -9.87 |  -0.3    0.1   17.1 |24662908
	   0.26  -0.04  -9.81 |  -0.2    0.1   17.0 |24684024
	   0.23  -0.01  -9.82 |  -0.2    0.1   17.0 |24704990
	   0.18  -0.01  -9.87 |  -0.4    0.1   16.7 |24725905
	   0.21  -0.05  -9.78 |  -0.3    0.1   16.7 |24746864
	   0.21  -0.03  -9.83 |  -0.5    0.2   16.4 |24767852
	   0.25  -0.10  -9.93 |  -0.3    0.1   15.9 |24788717
	   0.21  -0.03  -9.81 |  -0.3    0.1   15.8 |24809592
	   0.25   0.02  -9.77 |  -0.4    0.0   15.3 |24830441
	   0.19  -0.07  -9.84 |  -0.3    0.0   14.7 |24851399
	   0.20  -0.03  -9.84 |  -0.5    0.0   14.4 |24872224
	   0.19  -0.10  -9.86 |  -0.4    0.1   13.8 |24893096
	   0.18  -0.04  -9.86 |  -0.3    0.1   13.3 |24913946
	   0.21  -0.02  -9.77 |  -0.2    0.0   12.6 |24934794
	   0.19  -0.06  -9.85 |  -0.5    0.1   11.9 |24955660
	   0.24  -0.06  -9.77 |  -0.1    0.1   11.2 |24976513
	   0.21  -0.08  -9.90 |  -0.3   -0.2   10.5 |24997364
	   0.27  -0.06  -9.85 |  -0.4    0.2    9.6 |25020953
	   0.23  -0.08  -9.79 |  -0.2   -0.1    8.9 |25041921
	   0.24  -0.03  -9.85 |  -0.3    0.2    8.1 |25062799
	   0.23  -0.06  -9.84 |  -0.2    0.1    7.1 |25083670
	   0.20  -0.07  -9.95 |  -0.1    0.2    6.4 |25104546
	   0.23  -0.04  -9.85 |  -0.3    0.1    5.4 |25125414
	   0.27  -0.05  -9.70 |  -0.1    0.0    4.5 |25146252
	   0.24  -0.05  -9.81 |  -0.1    0.0    3.5 |25167125
	   0.27  -0.05  -9.79 |  -0.1    0.0    2.6 |25187977
	   0.23  -0.04  -9.88 |   0.0   -0.1    1.8 |25208898
	   0.20  -0.03  -9.89 |  -0.1    0.0    0.7 |25229829
	   0.23  -0.01  -9.90 |  -0.1    0.0    0.0 |25250699
	   0.26  -0.05  -9.79 |   0.2    0.0   -1.0 |25271619
	   0.20  -0.06  -9.84 |  -0.1   -0.1   -2.0 |25292515
	   0.25  -0.06  -9.83 |   0.1   -0.1   -2.8 |25313422
	   0.26  -0.07  -9.77 |   0.3   -0.2   -3.8 |25334293
	   0.19  -0.05  -9.78 |   0.1    0.0   -4.8 |25355139
	   0.23  -0.05  -9.87 |   0.1   -0.3   -5.6 |25375998
	   0.22  -0.04  -9.76 |   0.2    0.1   -6.5 |25396901
	   0.26  -0.05  -9.84 |   0.2    0.1   -7.2 |25417769
	   0.23  -0.02  -9.88 |   0.2   -0.4   -8.2 |25438636
	   0.21  -0.03  -9.82 |   0.2   -0.2   -9.0 |25459477
	   0.25  -0.05  -9.83 |   0.3   -0.5   -9.8 |25480321
	   0.24  -0.06  -9.82 |   0.4   -0.3  -10.6 |25501163
	   0.22  -0.06  -9.83 |   0.4   -0.4  -11.2 |25521998
	   0.22  -0.02  -9.85 |   0.7   -0.2  -12.0 |25542848
	   0.19  -0.03  -9.81 |   0.4   -0.2  -12.6 |25563695
	   0.26  -0.04  -9.81 |   0.4   -0.2  -13.1 |25584536
	   0.26  -0.06  -9.78 |   0.4   -0.2  -13.8 |25605373
	   0.22  -0.05  -9.77 |   0.4   -0.4  -14.3 |25626207
	   0.26  -0.06  -9.77 |   0.4   -0.4  -14.8 |25647045
	   0.26  -0.02  -9.88 |   0.5   -0.2  -15.1 |25667875
	   0.21  -0.06  -9.86 |   0.5   -0.4  -15.7 |25688707
	   0.22  -0.05  -9.84 |   0.7   -0.2  -16.1 |25709584
	   0.22  -0.08  -9.81 |   0.5    0.0  -16.4 |25730561
	   0.22  -0.05  -9.88 |   0.4   -0.2  -16.6 |25751505
	   0.20  -0.05  -9.81 |   0.4   -0.2  -16.8 |25772392
	   0.21  -0.06  -9.87 |   0.4   -0.2  -17.2 |25793299
	   0.24  -0.04  -9.84 |   0.4   -0.2  -17.0 |25814201
	   0.23  -0.06  -9.76 |   0.4   -0.4  -17.3 |25835063
	   0.27  -0.03  -9.92 |   0.2   -0.1  -17.2 |25855930
	   0.17  -0.05  -9.79 |   0.4   -0.1  -17.2 |25876777
	   0.23  -0.06  -9.83 |   0.4   -0.1  -17.0 |25897625
	   0.24  -0.11  -9.81 |   0.2    0.1  -16.9 |25918501
	   0.19  -0.05  -9.86 |   0.4   -0.3  -16.5 |25939368
	   0.22  -0.06  -9.78 |   0.4   -0.4  -16.4 |25960234
	   0.23  -0.06  -9.79 |   0.3    0.1  -16.2 |25981082
	   0.19   0.00  -9.78 |   0.1   -0.1  -15.8 |26001942
	   0.25  -0.07  -9.81 |   0.4    0.1  -15.5 |26022807
	   0.25  -0.02  -9.82 |   0.4   -0.2  -14.8 |26043712
	   0.22  -0.06  -9.86 |   0.1   -0.1  -14.5 |26064600
	   0.23  -0.05  -9.78 |   0.2   -0.2  -14.0 |26085455
	   0.20  -0.05  -9.81 |   0.1    0.1  -13.4 |26106302
	   0.20  -0.04  -9.88 |   0.2    0.0  -12.8 |26127308
	   0.22  -0.03  -9.84 |   0.2   -0.1  -12.1 |26148181
	   0.25  -0.04  -9.79 |   0.3    0.0  -11.5 |26169035
	   0.23  -0.03  -9.86 |   0.3   -0.1  -10.8 |26190051
	   0.21  -0.03  -9.82 |   0.1    0.1   -9.9 |26210914
	   0.24  -0.09  -9.80 |   0.2   -0.1   -9.2 |26231830
	   0.24  -0.05  -9.92 |  -0.1    0.1   -8.4 |26252740
	   0.20  -0.03  -9.82 |   0.1    0.1   -7.8 |26273658
	   0.25  -0.06  -9.74 |   0.2    0.1   -6.7 |26294525
	   0.23  -0.04  -9.83 |  -0.1    0.1   -5.9 |26315429
	   0.22  -0.08  -9.81 |  -0.1    0.0   -5.1 |26336341
	   0.22  -0.04  -9.84 |  -0.1    0.0   -4.2 |26357195
	   0.22  -0.02  -9.77 |   0.0   -0.1   -3.2 |26378091
	   0.22  -0.04  -9.86 |   0.0    0.2   -2.4 |26399025
	   0.20  -0.05  -9.75 |  -0.1   -0.1   -1.4 |26419886
	   0.23  -0.04  -9.81 |  -0.1    0.2   -0.6 |26440733
	   0.21  -0.06  -9.82 |  -0.2    0.2    0.5 |26461597
	   0.22  -0.05  -9.81 |  -0.3    0.0    1.3 |26482466
	   0.19  -0.08  -9.85 |  -0.2    0.4    2.4 |26503602
	   0.22  -0.06  -9.80 |   0.0    0.1    3.1 |26524475
	   0.25  -0.05  -9.85 |  -0.2    0.4    4.2 |26545328
	   0.22  -0.05  -9.81 |  -0.2    0.1    5.1 |26566169
	   0.19  -0.03  -9.87 |  -0.2    0.2    5.7 |26587011
	   0.23  -0.05  -9.87 |  -0.3    0.1    6.7 |26607845
	   0.18  -0.07  -9.86 |  -0.4    0.2    7.7 |26628688
	   0.23  -0.09  -9.79 |  -0.4    0.4    8.5 |26649535
	   0.19  -0.04  -9.84 |  -0.3    0.2    9.3 |26670373
	   0.19  -0.06  -9.84 |  -0.1    0.1   10.1 |26691220
	   0.24  -0.05  -9.84 |  -0.5    0.2   10.9 |26712107
	   0.25  -0.06  -9.80 |  -0.4    0.2   11.4 |26733023
	   0.24  -0.04  -9.78 |  -0.2    0.3   12.0 |26753885
	   0.19   0.00  -9.89 |  -0.2    0.2   12.6 |26775126
	   0.25  -0.02  -9.83 |  -0.4    0.1   13.3 |26796056
	   0.22  -0.02  -9.83 |  -0.4    0.5   13.9 |26816950
	   0.21  -0.04  -9.87 |  -0.5    0.2   14.3 |26837884
	   0.21  -0.04  -9.83 |  -0.4    0.1   15.0 |26858788
	   0.20  -0.04  -9.80 |  -0.4    0.3   15.3 |26879722
	   0.17  -0.01  -9.86 |  -0.5    0.2   15.7 |26900597
	   0.21  -0.03  -9.82 |  -0.4    0.1   15.9 |26921460
	   0.23  -0.03  -9.80 |  -0.4    0.5   16.2 |26942305
	   0.22  -0.02  -9.79 |  -0.3    0.2   16.5 |26963157
	   0.20  -0.04  -9.79 |  -0.2    0.1   16.7 |26984033
	   0.22  -0.01  -9.86 |  -0.5    0.1   16.8 |27004910
	   0.19  -0.04  -9.82 |  -0.5    0.1   16.8 |27025760
	   0.19  -0.04  -9.81 |  -0.3    0.4   17.0 |27046641
	   0.18  -0.05  -9.85 |  -0.4    0.3   16.8 |27067538
	   0.24  -0.06  -9.82 |  -0.3    0.0   16.6 |27088395
	   0.21  -0.03  -9.85 |  -0.5    0.3   16.5 |27109277
	   0.24  -0.01  -9.85 |  -0.2    0.2   16.4 |27130129
	   0.20  -0.05  -9.78 |  -0.4    0.2   16.3 |27151083
	   0.22  -0.05  -9.85 |  -0.2    0.3   16.0 |27171943
	   0.18  -0.05  -9.81 |  -0.6    0.2   15.7 |27192787
	   0.21  -0.02  -9.83 |  -0.3    0.1   15.4 |27213628
	   0.25  -0.07  -9.76 |  -0.3    0.2   15.0 |27234460
	   0.23  -0.02  -9.87 |  -0.4    0.2   14.5 |27255795
	   0.19  -0.04  -9.84 |  -0.4    0.2   13.8 |27276691
	   0.21  -0.04  -9.84 |  -0.3    0.1   13.4 |27297643
	   0.19  -0.06  -9.86 |  -0.4    0.2   12.9 |27318583
	   0.21  -0.06  -9.77 |  -0.2    0.0   12.1 |27339469
	   0.22  -0.04  -9.81 |  -0.3    0.1   11.5 |27360344
	   0.22  -0.06  -9.83 |  -0.4    0.2   10.7 |27381235
	   0.18  -0.04  -9.80 |  -0.2    0.1    9.9 |27402128
	   0.24  -0.05  -9.84 |  -0.3    0.1    9.4 |27422999
	   0.21  -0.06  -9.78 |  -0.3    0.2    8.4 |27443859
	   0.22  -0.06  -9.84 |  -0.2    0.4    7.6 |27464719
	   0.22  -0.05  -9.97 |  -0.3   -0.2    6.8 |27485569
	   0.22  -0.02  -9.81 |  -0.1    0.1    6.0 |27506412
	   0.25  -0.03  -9.89 |  -0.1    0.3    5.1 |27527389
	   0.25  -0.01  -9.85 |  -0.2    0.2    4.3 |27548266
	   0.22  -0.03  -9.84 |  -0.1    0.2    3.5 |27569131
	   0.21  -0.05  -9.83 |   0.0    0.1    2.4 |27589991
	   0.20  -0.03  -9.92 |   0.0    0.2    1.6 |27610840
	   0.25  -0.02  -9.82 |   0.2    0.1    0.7 |27631655
	   0.20  -0.01  -9.87 |   0.2   -0.1   -0.4 |27652497
	   0.23  -0.07  -9.84 |   0.1   -0.1   -1.2 |27673342
	   0.26  -0.04  -9.88 |   0.2   -0.2   -2.0 |27694177
	   0.23  -0.05  -9.87 |   0.3   -0.2   -3.0 |27715213
	   0.20  -0.04  -9.81 |   0.2   -0.2   -4.0 |27736170
	   0.22  -0.07  -9.76 |   0.2   -0.4   -4.8 |27757044
	   0.26  -0.02  -9.80 |   0.2   -0.3   -5.7 |27777896
	   0.22  -0.04  -9.82 |   0.2   -0.1   -6.8 |27798743
	   0.24  -0.07  -9.86 |   0.3   -0.2   -7.4 |27819987
	   0.23  -0.04  -9.83 |   0.1   -0.2   -8.3 |27840931
	   0.21  -0.07  -9.85 |   0.3   -0.4   -9.2 |27861809
	   0.18  -0.11  -9.76 |   0.5   -0.2   -9.8 |27882721
	   0.25  -0.03  -9.86 |   0.5   -0.3  -10.4 |27903737
	   0.23  -0.09  -9.94 |   0.5   -0.5  -11.4 |27924613
	   0.23  -0.04  -9.87 |   0.3   -0.3  -11.7 |27945465
	   0.24  -0.05  -9.78 |   0.5   -0.1  -12.3 |27966314
	   0.19  -0.05  -9.79 |   0.2   -0.1  -13.2 |27987268
	   0.23  -0.04  -9.79 |   0.4   -0.2  -13.8 |28008140
	   0.21  -0.05  -9.82 |   0.4    0.0  -14.3 |28029012
	   0.24  -0.03  -9.91 |   0.4    0.0  -14.7 |28049926
	   0.27  -0.08  -9.88 |   0.4   -0.1  -15.2 |28070823
	   0.23  -0.05  -9.85 |   0.6   -0.1  -15.3 |28091684
	   0.22  -0.06  -9.78 |   0.5   -0.1  -15.7 |28112580
	   0.22  -0.03  -9.89 |   0.3   -0.1  -16.1 |28133411
	   0.23  -0.03  -9.84 |   0.3   -0.3  -16.4 |28154261
	   0.22  -0.03  -9.87 |   0.2    0.0  -16.6 |28175120
	   0.24  -0.07  -9.91 |   0.4   -0.3  -16.7 |28195963
	   0.24  -0.09  -9.78 |   0.4   -0.2  -17.0 |28216802
	   0.24  -0.10  -9.84 |   0.4   -0.1  -16.9 |28237636
	   0.23  -0.02  -9.88 |   0.4   -0.2  -16.9 |28258467
	   0.22  -0.04  -9.80 |   0.4   -0.1  -16.8 |28279397
	   0.21  -0.04  -9.83 |   0.4   -0.2  -16.7 |28300247
	   0.23  -0.04  -9.86 |   0.5   -0.3  -16.5 |28321088
	   0.23  -0.04  -9.88 |   0.5   -0.4  -16.4 |28341964
	   0.25  -0.07  -9.85 |   0.5    0.0  -16.1 |28362884
	   0.19  -0.07  -9.86 |   0.2   -0.2  -15.8 |28383947
	   0.22  -0.04  -9.84 |   0.5   -0.2  -15.4 |28405551
	   0.20  -0.07  -9.81 |   0.5   -0.4  -15.0 |28426499
	   0.21  -0.06  -9.86 |   0.5   -0.4  -14.6 |28447379
	   0.27  -0.06  -9.86 |   0.7   -0.3  -14.2 |28468247
	   0.20  -0.06  -9.80 |   0.4   -0.2  -13.5 |28489145
	   0.23  -0.06  -9.83 |   0.5   -0.2  -12.9 |28510006
	   0.24  -0.05  -9.84 |   0.4   -0.2  -12.5 |28530885
	   0.22  -0.05  -9.83 |   0.5   -0.2  -12.0 |28551829
	   0.23  -0.06  -9.87 |   0.4   -0.2  -11.2 |28572750
	   0.19  -0.07  -9.94 |   0.3   -0.2  -10.5 |28593749
	   0.25  -0.04  -9.87 |   0.3   -0.1   -9.6 |28614780
	   0.24  -0.04  -9.88 |   0.1    0.1   -9.0 |28635860
	   0.20  -0.06  -9.86 |   0.1   -0.3   -8.2 |28656745
	   0.24  -0.05  -9.84 |   0.4   -0.1   -7.3 |28677662
	   0.23  -0.08  -9.82 |   0.0   -0.1   -6.5 |28698542
	   0.24  -0.05  -9.85 |   0.3    0.0   -5.6 |28719440
	   0.22  -0.03  -9.81 |   0.1   -0.1   -4.6 |28740353
	   0.26  -0.06  -9.86 |   0.1    0.0   -3.9 |28761206
	   0.19  -0.04  -9.84 |   0.1    0.0   -3.1 |28782054
	   0.17  -0.07  -9.92 |   0.0   -0.2   -2.1 |28802919
	   0.25  -0.07  -9.85 |   0.1    0.1   -1.0 |28823913
	   0.21  -0.01  -9.85 |  -0.1   -0.1   -0.2 |28844783
	   0.24  -0.04  -9.82 |  -0.1    0.1    0.6 |28865632
	   0.23  -0.04  -9.83 |   0.1    0.2    1.6 |28886515
	   0.22  -0.04  -9.82 |  -0.2    0.3    2.6 |28907425
	   0.21  -0.06  -9.84 |  -0.2    0.1    3.3 |28928289
	   0.21  -0.04  -9.83 |  -0.4    0.3    4.3 |28949236
	   0.28  -0.05  -9.80 |  -0.4    0.1    5.3 |28970133
	   0.20  -0.06  -9.80 |  -0.3    0.2    5.9 |28990996
	   0.23  -0.09  -9.78 |  -0.2    0.2    6.8 |29011841
	   0.18  -0.07  -9.84 |  -0.4    0.4    7.7 |29032675
	   0.24  -0.07  -9.83 |  -0.4    0.2    8.5 |29053550
	   0.22  -0.06  -9.87 |  -0.5    0.4    9.2 |29074441
	   0.21  -0.02  -9.88 |  -0.5    0.4   10.0 |29095322
	   0.22  -0.03  -9.77 |  -0.4    0.2   10.6 |29116150
	   0.22  -0.06  -9.82 |  -0.5    0.2   11.4 |29136992
	   0.19  -0.05  -9.86 |  -0.5    0.2   11.9 |29157839
	   0.22  -0.05  -9.84 |  -0.3    0.1   12.7 |29178695
	   0.25  -0.04  -9.80 |  -0.3    0.0   13.2 |29199546
	   0.24  -0.06  -9.76 |  -0.5    0.1   13.7 |29220397
	   0.20  -0.04  -9.92 |  -0.4    0.2   14.0 |29241440
	   0.23  -0.03  -9.78 |  -0.5    0.0   14.6 |29262309
	   0.24  -0.06  -9.94 |  -0.5    0.2   15.1 |29283158
	   0.20  -0.06  -9.77 |  -0.4    0.2   15.3 |29303996
	   0.23  -0.05  -9.75 |  -0.3    0.2   15.6 |29324835
	   0.22  -0.03  -9.85 |  -0.3    0.1   15.8 |29345671
	   0.23  -0.07  -9.90 |  -0.6    0.1   15.9 |29366505
	   0.20  -0.05  -9.88 |  -0.3    0.2   16.3 |29387432
	   0.22  -0.01  -9.84 |  -0.4    0.1   16.5 |29408320
	   0.17  -0.11  -9.94 |  -0.4    0.1   16.5 |29429172
	   0.27  -0.07  -9.81 |  -0.2    0.3   16.4 |29450015
	   0.22  -0.07  -9.86 |  -0.3    0.2   16.5 |29470932
	   0.22  -0.04  -9.84 |  -0.4    0.2   16.4 |29491975
	   0.20  -0.03  -9.88 |  -0.6    0.3   16.1 |29512856
	   0.21  -0.06  -9.82 |  -0.4    0.2   16.1 |29533709
	   0.19  -0.08  -9.82 |  -0.7    0.5   16.0 |29554555
	   0.22  -0.05  -9.83 |  -0.3    0.2   15.4 |29575448
	   0.21  -0.08  -9.84 |  -0.4    0.2   15.3 |29596311
	   0.22  -0.05  -9.83 |  -0.4    0.2   14.9 |29617172
	   0.21  -0.08  -9.82 |  -0.6    0.2   14.5 |29638013
	   0.24  -0.00  -9.86 |  -0.3    0.2   14.0 |29658851
	   0.21  -0.03  -9.80 |  -0.5    0.4   13.5 |29679690
	   0.25  -0.04  -9.90 |  -0.4    0.4   13.1 |29700525
	   0.20  -0.05  -9.82 |  -0.5    0.4   12.3 |29721399
	   0.20  -0.06  -9.86 |  -0.7    0.3   11.6 |29742290
	   0.24  -0.05  -9.78 |  -0.4    0.4   11.2 |29763152
	   0.20  -0.04  -9.81 |  -0.5    0.5   10.5 |29784002
	   0.18  -0.06  -9.88 |  -0.4    0.3    9.7 |29804885
	   0.22  -0.04  -9.85 |  -0.5    0.5    9.0 |29825737
	   0.22  -0.05  -9.85 |  -0.4    0.2    8.3 |29846583
	   0.24  -0.05  -9.86 |  -0.2    0.3    7.3 |29867424
	   0.20  -0.07  -9.84 |  -0.4    0.2    6.6 |29888264
	   0.22  -0.06  -9.86 |  -0.2    0.2    5.7 |29909106
	   0.21  -0.05  -9.82 |  -0.1    0.1    4.8 |29930015
	   0.25  -0.06  -9.80 |   0.1    0.1    4.0 |29950903
	   0.25  -0.01  -9.87 |  -0.2    0.1    3.0 |29971991
	   0.20  -0.04  -9.81 |  -0.2    0.1    2.2 |29992903
	   0.24  -0.05  -9.86 |  -0.2    0.2    1.4 |30013801
	   0.26  -0.04  -9.87 |  -0.1   -0.1    0.4 |30037420
	   0.20  -0.04  -9.87 |   0.1   -0.1   -0.6 |30058369
	   0.22  -0.05  -9.81 |   0.2    0.0   -1.5 |30079354
	   0.23  -0.04  -9.79 |   0.2    0.0   -2.4 |30100221
	   0.23  -0.01  -9.79 |   0.1   -0.1   -3.3 |30121084
	   0.23  -0.01  -9.78 |   0.2   -0.2   -4.1 |30142003
	   0.22  -0.02  -9.79 |   0.2    0.0   -5.0 |30162887
	   0.22  -0.06  -9.85 |   0.4    0.1   -5.9 |30183812
	   0.23  -0.01  -9.83 |   0.2   -0.1   -6.8 |30204662
	   0.27  -0.04  -9.84 |   0.3   -0.2   -7.3 |30225504
	   0.24  -0.03  -9.85 |   0.3   -0.2   -8.2 |30246345
	   0.19  -0.07  -9.86 |   0.3    0.0   -9.0 |30267282
	   0.20  -0.02  -9.84 |   0.3   -0.2   -9.8 |30288138
	   0.21  -0.04  -9.82 |   0.3   -0.1  -10.6 |30308989
	   0.22  -0.07  -9.87 |   0.4   -0.3  -11.4 |30329833
	   0.18   0.02  -9.86 |   0.2   -0.4  -11.8 |30350678
	   0.28  -0.02  -9.83 |   0.4   -0.2  -12.5 |30371599
	   0.22  -0.04  -9.86 |   0.2   -0.3  -12.9 |30392481
	   0.20  -0.04  -9.83 |   0.4   -0.2  -13.5 |30413373
	   0.20  -0.03  -9.88 |   0.4   -0.2  -14.1 |30434229
	   0.17  -0.07  -9.86 |   0.3    0.0  -14.3 |30455086
	   0.16  -0.02  -9.85 |   0.3   -0.2  -14.8 |30476010
	   0.20  -0.05  -9.85 |   0.4   -0.2  -15.2 |30496944
	   0.22  -0.07  -9.82 |   0.4    0.0  -15.6 |30517822
	   0.26  -0.02  -9.77 |   0.2    0.0  -15.9 |30538718
	   0.20  -0.01  -9.86 |   0.5    0.1  -16.1 |30559700
	   0.21  -0.04  -9.85 |   0.4    0.0  -16.4 |30580585
	   0.22  -0.00  -9.83 |   0.5    0.2  -16.5 |30601444
	   0.24  -0.09  -9.82 |   0.3   -0.2  -16.5 |30622293
	   0.22  -0.06  -9.82 |   0.5   -0.1  -16.6 |30643138
	   0.27  -0.06  -9.83 |   0.4   -0.1  -16.5 |30663996
	   0.25  -0.07  -9.83 |   0.3    0.1  -16.3 |30684859
	   0.22  -0.07  -9.85 |   0.2   -0.2  -16.2 |30705716
	   0.19  -0.06  -9.80 |   0.5   -0.3  -16.0 |30726609
	   0.22  -0.06  -9.92 |   0.4   -0.2  -15.8 |30747613
	   0.22  -0.05  -9.85 |   0.5   -0.2  -15.6 |30768691
	   0.19  -0.02  -9.82 |   0.5   -0.2  -15.3 |30789576
	   0.22  -0.06  -9.78 |   0.4   -0.1  -15.0 |30810434
	   0.21  -0.05  -9.82 |   0.5   -0.2  -14.5 |30831409
	   0.21  -0.06  -9.80 |   0.4   -0.2  -14.0 |30852270
	   0.22  -0.07  -9.78 |   0.5   -0.4  -13.5 |30873119
	   0.22  -0.05  -9.87 |   0.6   -0.4  -13.1 |30893959
	   0.21  -0.05  -9.85 |   0.4   -0.1  -12.5 |30914804
	   0.21  -0.03  -9.80 |   0.5   -0.5  -12.1 |30935636
	   0.22  -0.07  -9.86 |   0.4   -0.4  -11.5 |30956470
	   0.22  -0.04  -9.73 |   0.6   -0.3  -10.5 |30977318
	   0.24  -0.06  -9.86 |   0.4   -0.4  -10.0 |30998217
	   0.20  -0.03  -9.83 |   0.5   -0.4   -9.2 |31019132
	   0.18  -0.06  -9.78 |   0.5   -0.2   -8.4 |31040001
	   0.18  -0.06  -9.84 |   0.4   -0.2   -7.5 |31060905
	   0.24  -0.07  -9.81 |   0.2   -0.1   -6.8 |31081813
	   0.25  -0.08  -9.82 |   0.5   -0.2   -6.1 |31102694
	   0.21  -0.03  -9.76 |   0.2   -0.2   -5.2 |31123611
	   0.23  -0.04  -9.82 |   0.1   -0.2   -4.5 |31144472
	   0.22  -0.07  -9.84 |   0.1    0.0   -3.4 |31165323
	   0.21  -0.06  -9.79 |   0.1   -0.1   -2.6 |31186184
	   0.24  -0.04  -9.82 |   0.2    0.0   -1.8 |31207056
	   0.22  -0.04  -9.90 |  -0.1   -0.1   -0.8 |31227902
	   0.19  -0.05  -9.89 |   0.2    0.1    0.2 |31248743
	   0.23  -0.05  -9.89 |  -0.1    0.0    0.9 |31269580
	   0.21  -0.05  -9.87 |  -0.1    0.1    1.8 |31290416
	   0.22  -0.04  -9.80 |  -0.3    0.0    2.8 |31311357
	   0.20  -0.05  -9.81 |  -0.1    0.0    3.7 |31332224
	   0.22  -0.05  -9.86 |  -0.1    0.1    4.5 |31353104
	   0.20  -0.07  -9.82 |   0.0    0.2    5.4 |31373960
	   0.25  -0.02  -9.81 |  -0.1    0.2    6.0 |31394824
	   0.26  -0.04  -9.85 |  -0.3    0.1    7.0 |31415710
	   0.21  -0.05  -9.84 |   0.0    0.2    7.8 |31436568
	   0.22  -0.09  -9.85 |  -0.2    0.2    8.6 |31457411
	   0.22  -0.01  -9.85 |  -0.2    0.2    9.2 |31478256
	   0.25  -0.02  -9.86 |  -0.2    0.1    9.9 |31499101
	   0.25  -0.02  -9.87 |  -0.4    0.1   10.5 |31519999
	   0.22  -0.06  -9.79 |  -0.2    0.4   11.4 |31540942
	   0.22  -0.11  -9.86 |  -0.3    0.3   12.0 |31561835
	   0.23  -0.02  -9.79 |  -0.2    0.1   12.5 |31582736
	   0.22  -0.07  -9.86 |  -0.4    0.2   13.1 |31603762
	   0.22  -0.05  -9.85 |  -0.4    0.0   13.4 |31624628
	   0.23  -0.04  -9.88 |  -0.3    0.2   14.0 |31645484
	   0.22  -0.08  -9.84 |  -0.3    0.0   14.3 |31666330
	   0.22  -0.04  -9.86 |  -0.4    0.1   14.8 |31687320
	   0.19  -0.05  -9.83 |  -0.1    0.3   15.1 |31708176
	   0.22  -0.02  -9.81 |  -0.4    0.1   15.4 |31729106
	   0.18  -0.03  -9.75 |  -0.4    0.0   15.7 |31750013
	   0.24  -0.05  -9.86 |  -0.4    0.1   15.7 |31770875
	   0.22  -0.04  -9.89 |  -0.3    0.1   15.9 |31791787
	   0.23  -0.08  -9.85 |  -0.4    0.1   16.1 |31812634
	   0.24  -0.06  -9.86 |  -0.5    0.0   16.2 |31833475
	   0.19  -0.05  -9.81 |  -0.4    0.2   16.2 |31854316
	   0.21  -0.09  -9.83 |  -0.4    0.1   16.1 |31875165
	   0.22  -0.02  -9.80 |  -0.5    0.2   16.1 |31896016
	   0.21  -0.01  -9.81 |  -0.5    0.2   15.7 |31916856
	   0.21  -0.07  -9.88 |  -0.4    0.2   15.7 |31937736
	   0.23  -0.09  -9.80 |  -0.3    0.1   15.6 |31958590
	   0.22  -0.03  -9.92 |  -0.4    0.3   15.0 |31979446
	   0.20  -0.06  -9.85 |  -0.3    0.2   14.8 |32000290
	   0.23  -0.03  -9.84 |  -0.4    0.2   14.3 |32021192
	   0.22  -0.04  -9.81 |  -0.4    0.4   14.0 |32042077
	   0.20  -0.07  -9.86 |  -0.5    0.5   13.4 |32063006
	   0.21  -0.01  -9.81 |  -0.5    0.2   12.9 |32083970
	   0.17  -0.05  -9.90 |  -0.4    0.5   12.6 |32104939
	   0.22  -0.04  -9.89 |  -0.5    0.4   12.0 |32125825
	   0.21  -0.06  -9.85 |  -0.4    0.3   11.2 |32146692
	   0.21  -0.04  -9.84 |  -0.2    0.4   10.7 |32167547
	   0.20   0.00  -9.89 |  -0.3    0.4   10.1 |32188390
	   0.22  -0.00  -9.80 |  -0.2    0.3    9.2 |32209482
	   0.19  -0.05  -9.91 |  -0.4    0.4    8.6 |32230364
	   0.17  -0.05  -9.81 |  -0.5    0.4    7.7 |32251253
	   0.19  -0.03  -9.83 |  -0.6    0.1    6.9 |32272123
	   0.21  -0.05  -9.85 |  -0.2    0.2    6.2 |32293158
	   0.24  -0.05  -9.85 |  -0.4    0.3    5.4 |32314077
	   0.23  -0.02  -9.88 |  -0.1    0.4    4.6 |32334943
	   0.20  -0.02  -9.85 |  -0.3    0.4    3.6 |32355975
	   0.22  -0.07  -9.75 |  -0.2    0.0    2.8 |32376844
	   0.22  -0.01  -9.83 |  -0.2    0.3    2.0 |32397738
	   0.24  -0.01  -9.85 |  -0.1    0.3    1.0 |32418629
	   0.21  -0.03  -9.88 |  -0.1    0.1    0.0 |32439555
	   0.22  -0.08  -9.86 |  -0.1    0.2   -1.0 |32460412
	   0.21  -0.07  -9.87 |   0.0    0.1   -1.6 |32481256
	   0.22  -0.05  -9.80 |  -0.1   -0.1   -2.6 |
