
try 'rc_test_mpu -h' to see other options

   Accel XYZ(m/s^2)  |   Gyro XYZ (deg/s)  |
659
	   0.08   9.77  -0.03 |   0.0    0.0    0.0 |21849
	   0.08   9.82  -0.19 |  -0.1   21.5   -0.4 |42795
	   0.09   9.84  -0.08 |   1.0   18.4   -0.4 |63679
	   0.06   9.81  -0.13 |   1.5   15.1   -0.3 |84689
	   0.06   9.78  -0.15 |   1.6   11.2   -0.3 |105600
	   0.11   9.84  -0.19 |   2.0    7.7   -0.3 |126467
	   0.02   9.82  -0.15 |   2.3    3.9   -0.3 |147398
	   0.02   9.80  -0.21 |   2.4    0.2   -0.4 |168271
	   0.08   9.80  -0.13 |   2.7   -3.3   -0.2 |189116
	   0.07   9.81  -0.14 |   2.4   -6.8   -0.2 |209959
	   0.04   9.88  -0.15 |   1.8  -10.4   -0.1 |230803
	   0.04   9.87  -0.22 |   1.0  -14.2    0.1 |251639
	   0.06   9.83  -0.19 |  -0.3  -17.3    0.2 |272474
	   0.06   9.88  -0.26 |  -1.5  -20.6    0.2 |293310
	   0.10   9.91  -0.08 |  -2.4  -24.1    0.2 |314142
	   0.06   9.84  -0.20 |  -3.1  -27.1    0.4 |334976
	   0.13   9.77  -0.10 |  -3.1  -30.0    0.1 |355908
	   0.06   9.80  -0.18 |  -2.7  -32.4    0.3 |376790
	   0.11   9.82  -0.10 |  -2.6  -35.3    0.4 |397665
	   0.15   9.81  -0.15 |  -2.4  -37.1    0.2 |418548
	   0.10   9.81  -0.26 |  -2.1  -39.1    0.3 |439408
	   0.11   9.83  -0.17 |  -1.7  -41.0    0.4 |460256
	   0.15   9.85  -0.17 |  -1.4  -42.9    0.5 |481103
	   0.14   9.80  -0.16 |  -0.4  -43.9    0.3 |501945
	   0.12   9.84  -0.12 |   0.4  -44.9    0.2 |522886
	   0.15   9.80  -0.10 |   1.6  -45.4    0.4 |543875
	   0.19   9.82  -0.18 |   2.4  -45.8    0.5 |564805
	   0.13   9.83  -0.18 |   2.4  -45.8    0.5 |585692
	   0.18   9.84  -0.17 |   1.9  -45.4    0.6 |606579
	   0.17   9.83  -0.26 |   1.2  -44.9    0.7 |627484
	   0.17   9.89  -0.23 |   0.4  -44.3    0.9 |648474
	   0.17   9.88  -0.20 |  -0.2  -43.2    0.8 |669344
	   0.20   9.84  -0.17 |  -0.8  -41.8    0.7 |690261
	   0.24   9.86  -0.17 |  -1.1  -40.1    0.6 |711167
	   0.21   9.85  -0.23 |  -1.5  -38.0    0.7 |732099
	   0.25   9.89  -0.17 |  -2.4  -35.8    0.5 |752993
	   0.23   9.86  -0.21 |  -2.7  -33.6    0.6 |773863
	   0.25   9.80  -0.19 |  -3.3  -30.9    0.5 |794760
	   0.27   9.82  -0.20 |  -3.5  -28.3    0.3 |815652
	   0.27   9.81  -0.16 |  -3.6  -25.3    0.4 |836544
	   0.27   9.81  -0.15 |  -2.7  -22.4    0.1 |857420
	   0.25   9.79  -0.12 |  -1.8  -18.9    0.2 |878309
	   0.26   9.79  -0.12 |  -0.3  -15.4    0.1 |899219
	   0.24   9.80  -0.08 |   0.7  -11.8    0.1 |920075
	   0.28   9.78  -0.15 |   1.3   -8.4    0.1 |940924
	   0.31   9.80  -0.16 |   1.4   -4.9    0.0 |961786
	   0.24   9.83  -0.13 |   1.6   -1.3   -0.2 |982649
	   0.25   9.86  -0.17 |   1.8    2.2    0.1 |1003500
	   0.27   9.81  -0.15 |   2.0    5.6   -0.2 |1024388
	   0.22   9.86  -0.22 |   2.0    9.6   -0.4 |1045254
	   0.27   9.88  -0.18 |   2.0   13.1   -0.2 |1066216
	   0.23   9.85  -0.18 |   1.9   16.6   -0.6 |1087172
	   0.27   9.82  -0.15 |   1.0   19.9   -0.5 |1108157
	   0.27   9.86  -0.27 |   0.2   22.9   -0.5 |1129020
	   0.23   9.82  -0.19 |  -0.9   26.1   -0.6 |1149933
	   0.25   9.88  -0.27 |  -1.9   28.6   -0.6 |1170851
	   0.18   9.83  -0.21 |  -2.6   31.7   -0.7 |1191736
	   0.22   9.78  -0.10 |  -2.3   34.2   -0.5 |1212683
	   0.22   9.80  -0.17 |  -2.1   36.7   -0.6 |1233549
	   0.16   9.83  -0.13 |  -1.5   39.1   -0.5 |1254399
	   0.18   9.83  -0.15 |  -1.0   40.8   -0.5 |1275280
	   0.19   9.85  -0.15 |  -0.4   41.9   -0.5 |1296167
	   0.17   9.84  -0.12 |  -0.3   43.3   -0.7 |1317016
	   0.20   9.84  -0.14 |   0.0   44.1   -0.6 |1337919
	   0.18   9.81  -0.17 |   0.7   45.0   -0.6 |1358815
	   0.12   9.86  -0.21 |   1.6   45.1   -0.8 |1379875
	   0.15   9.81  -0.12 |   2.3   45.4   -0.7 |1400760
	   0.13   9.82  -0.14 |   3.1   45.5   -0.7 |1421652
	   0.17   9.85  -0.11 |   3.2   44.8   -1.0 |1442529
	   0.11   9.88  -0.21 |   3.1   43.9   -1.0 |1463384
	   0.12   9.86  -0.17 |   2.4   43.0   -0.8 |1484923
	   0.10   9.87  -0.23 |   1.6   41.4   -0.9 |1505854
	   0.10   9.84  -0.22 |   0.9   39.7   -0.9 |1526730
	   0.08   9.87  -0.24 |   0.1   38.2   -0.9 |1547871
	   0.11   9.81  -0.17 |  -0.4   36.1   -0.7 |1568794
	   0.07   9.82  -0.14 |  -0.9   33.8   -0.7 |1589662
	   0.10   9.84  -0.16 |  -1.2   31.6   -0.5 |1610514
	   0.11   9.82  -0.20 |  -1.4   28.5   -0.5 |1631380
	   0.05   9.88  -0.13 |  -1.6   25.5   -0.4 |1652301
	   0.04   9.84  -0.07 |  -2.0   22.3   -0.3 |1673209
	   0.03   9.84  -0.14 |  -1.8   19.2   -0.3 |1694115
	   0.06   9.80  -0.12 |  -1.5   16.0   -0.2 |1714995
	   0.02   9.81  -0.15 |  -0.7   12.6    0.0 |1735897
	  -0.00   9.80  -0.07 |   0.1    9.2   -0.1 |1756809
	   0.01   9.78  -0.08 |   1.2    5.8   -0.2 |1777681
	   0.07   9.81  -0.09 |   1.9    2.1    0.0 |1798512
	   0.08   9.82  -0.10 |   2.4   -1.8   -0.1 |1819404
	   0.05   9.80  -0.08 |   2.3   -5.7   -0.1 |1840316
	   0.02   9.82  -0.17 |   2.4   -9.3   -0.1 |1861165
	   0.01   9.85  -0.18 |   2.0  -12.6    0.1 |1882035
	   0.03   9.82  -0.16 |   2.0  -15.7    0.1 |1902904
	   0.02   9.79  -0.15 |   1.6  -19.0    0.1 |1923859
	   0.06   9.86  -0.15 |   1.5  -22.0    0.2 |1944767
	   0.07   9.85  -0.22 |   0.6  -25.1    0.4 |1965662
	   0.05   9.85  -0.20 |  -0.2  -28.3    0.2 |1986527
	   0.07   9.87  -0.17 |  -1.0  -31.0    0.5 |2007853
	   0.10   9.84  -0.19 |  -1.6  -33.6    0.5 |2028751
	   0.07   9.90  -0.19 |  -2.4  -36.4    0.4 |2049610
	   0.10   9.84  -0.19 |  -2.3  -38.1    0.5 |2070933
	   0.12   9.85  -0.14 |  -2.1  -39.9    0.4 |2092124
	   0.12   9.84  -0.15 |  -1.8  -41.2    0.4 |2113033
	   0.11   9.86  -0.13 |  -1.2  -42.3    0.4 |2133966
	   0.12   9.81  -0.20 |  -0.7  -43.5    0.4 |2154871
	   0.15   9.84  -0.17 |  -0.3  -44.3    0.5 |2175768
	   0.15   9.85  -0.14 |   0.2  -45.4    0.4 |2196768
	   0.16   9.80  -0.12 |   1.0  -45.6    0.5 |2217622
	   0.19   9.85  -0.15 |   1.5  -45.2    0.4 |2238476
	   0.18   9.83  -0.12 |   2.0  -44.8    0.4 |2259376
	   0.17   9.88  -0.17 |   2.3  -43.5    0.5 |2280289
	   0.21   9.82  -0.21 |   2.6  -42.3    0.6 |2301149
	   0.22   9.87  -0.21 |   2.0  -41.0    0.5 |2321986
	   0.22   9.82  -0.25 |   1.4  -39.9    0.5 |2342847
	   0.24   9.88  -0.16 |   0.7  -38.3    0.7 |2363698
	   0.25   9.87  -0.13 |  -0.1  -36.4    0.5 |2384546
	   0.20   9.83  -0.25 |  -0.6  -34.1    0.5 |2405497
	   0.24   9.82  -0.25 |  -0.8  -31.6    0.5 |2426381
	   0.25   9.89  -0.18 |  -1.3  -28.4    0.4 |2447249
	   0.23   9.86  -0.25 |  -1.6  -25.6    0.3 |2468220
	   0.29   9.85  -0.23 |  -1.8  -22.4    0.1 |2489076
	   0.25   9.82  -0.17 |  -2.2  -19.3    0.1 |2509924
	   0.28   9.79  -0.19 |  -2.3  -16.1    0.0 |2531426
	   0.24   9.82  -0.15 |  -1.7  -13.0    0.0 |2552320
	   0.23   9.80  -0.15 |  -1.2   -9.6    0.0 |2573190
	   0.24   9.79  -0.14 |  -0.4   -6.0    0.0 |2594095
	   0.25   9.81  -0.06 |   0.5   -2.4   -0.2 |2614995
	   0.29   9.84  -0.13 |   1.6    1.5   -0.4 |2635916
	   0.27   9.78  -0.15 |   2.0    5.1   -0.2 |2656791
	   0.24   9.81  -0.15 |   2.2    9.0   -0.4 |2677640
	   0.26   9.82  -0.17 |   2.3   12.0   -0.3 |2698461
	   0.28   9.87  -0.16 |   2.3   15.1   -0.4 |2719290
	   0.27   9.78  -0.13 |   2.2   18.3   -0.5 |2740739
	   0.28   9.81  -0.21 |   2.2   21.7   -0.7 |2761670
	   0.23   9.83  -0.14 |   2.0   24.7   -0.6 |2782542
	   0.26   9.86  -0.19 |   1.8   28.0   -0.5 |2803389
	   0.28   9.85  -0.18 |   0.9   30.7   -0.7 |2824244
	   0.22   9.87  -0.26 |   0.1   33.2   -0.8 |2845084
	   0.22   9.84  -0.19 |  -0.8   35.6   -0.7 |2865922
	   0.24   9.87  -0.26 |  -1.5   37.5   -0.8 |2886758
	   0.20   9.83  -0.20 |  -1.8   39.2   -0.5 |2907591
	   0.20   9.83  -0.15 |  -1.5   40.7   -0.7 |2928531
	   0.16   9.83  -0.18 |  -1.2   42.1   -0.7 |2949380
	   0.19   9.83  -0.19 |  -0.6   43.1   -0.7 |2970218
	   0.20   9.84  -0.14 |  -0.1   44.1   -0.8 |2991058
	   0.20   9.84  -0.17 |   0.1   44.7   -0.6 |3011907
	   0.15   9.84  -0.14 |   0.3   45.0   -0.7 |3032742
	   0.18   9.80  -0.12 |   0.8   44.9   -0.7 |3054017
	   0.13   9.80  -0.14 |   1.3   44.1   -0.6 |3075132
	   0.13   9.85  -0.17 |   1.8   43.5   -0.7 |3096064
	   0.12   9.86  -0.13 |   2.5   42.5   -0.7 |3117097
	   0.15   9.83  -0.18 |   2.6   41.2   -0.9 |3138068
	   0.10   9.81  -0.14 |   3.0   40.0   -0.7 |3158991
	   0.08   9.88  -0.23 |   2.3   38.3   -0.7 |3179862
	   0.11   9.87  -0.23 |   1.6   36.4   -0.8 |3200731
	   0.12   9.90  -0.18 |   0.7   34.2   -0.7 |3221579
	   0.08   9.86  -0.17 |  -0.1   31.7   -0.5 |3242433
	   0.12   9.88  -0.16 |  -0.7   28.7   -0.5 |3263279
	   0.11   9.85  -0.18 |  -1.1   26.2   -0.7 |3284184
	   0.04   9.86  -0.23 |  -1.2   22.8   -0.4 |3305051
	   0.07   9.85  -0.15 |  -1.4   20.4   -0.4 |3325894
	   0.09   9.85  -0.18 |  -1.3   16.9   -0.2 |3346729
	   0.05   9.86  -0.12 |  -1.8   13.8   -0.3 |3367573
	   0.09   9.86  -0.20 |  -2.0   10.2   -0.2 |3388516
	   0.04   9.83  -0.10 |  -1.9    6.7   -0.1 |3409405
	   0.06   9.79  -0.07 |  -1.5    2.8   -0.1 |3430258
	   0.06   9.83  -0.13 |  -0.7   -0.6   -0.1 |3451099
	   0.07   9.79  -0.10 |   0.2   -4.2   -0.2 |3471942
	   0.05   9.80  -0.06 |   0.9   -7.6   -0.2 |3492779
	   0.06   9.82  -0.13 |   1.7  -11.1   -0.1 |3513620
	   0.10   9.84  -0.16 |   1.6  -14.3   -0.1 |3534465
	   0.10   9.81  -0.10 |   1.5  -17.8   -0.1 |3555320
	   0.03   9.82  -0.15 |   1.0  -20.9    0.1 |3576212
	   0.08   9.87  -0.16 |   0.7  -24.2    0.2 |3597126
	   0.05   9.84  -0.17 |   0.5  -27.2    0.3 |3618028
	   0.05   9.81  -0.10 |   0.5  -30.0    0.4 |3638901
	   0.06   9.86  -0.19 |   0.0  -32.2    0.4 |3659929
	   0.11   9.82  -0.17 |  -0.4  -34.5    0.4 |3680839
	   0.10   9.84  -0.21 |  -1.0  -36.7    0.4 |3701700
	   0.10   9.86  -0.23 |  -1.8  -38.4    0.4 |3722572
	   0.09   9.83  -0.19 |  -2.9  -40.1    0.3 |3743473
	   0.11   9.87  -0.19 |  -3.3  -41.5    0.6 |3764407
	   0.10   9.84  -0.08 |  -3.2  -42.7    0.8 |3785263
	   0.17   9.85  -0.14 |  -2.7  -43.5    0.4 |3806134
	   0.12   9.83  -0.11 |  -2.0  -44.3    0.6 |3826995
	   0.15   9.81  -0.22 |  -1.2  -44.4    0.4 |3847842
	   0.17   9.83  -0.15 |  -0.7  -44.1    0.5 |3868684
	   0.17   9.81  -0.12 |  -0.4  -44.2    0.5 |3889523
	   0.17   9.81  -0.20 |  -0.3  -43.3    0.4 |3910360
	   0.15   9.85  -0.13 |   0.2  -42.8    0.6 |3931193
	   0.20   9.89  -0.13 |   0.4  -41.4    0.5 |3952165
	   0.18   9.82  -0.09 |   1.1  -40.1    0.4 |3973024
	   0.21   9.82  -0.16 |   1.3  -38.4    0.5 |3993871
	   0.22   9.84  -0.19 |   1.5  -36.4    0.6 |4014707
	   0.20   9.91  -0.22 |   1.5  -34.3    0.4 |4035544
	   0.21   9.87  -0.20 |   0.6  -32.0    0.5 |4056423
	   0.26   9.84  -0.18 |   0.3  -29.6    0.5 |4077295
	   0.24   9.85  -0.19 |  -1.0  -26.8    0.4 |4098144
	   0.19   9.88  -0.17 |  -1.5  -23.7    0.4 |4119011
	   0.28   9.83  -0.18 |  -1.9  -20.5    0.5 |4139995
	   0.26   9.77  -0.19 |  -2.0  -17.3    0.2 |4160915
	   0.23   9.86  -0.22 |  -1.9  -13.9    0.2 |4182150
	   0.26   9.82  -0.18 |  -1.3  -10.8    0.1 |4203058
	   0.25   9.82  -0.27 |  -1.8   -7.3    0.1 |4223907
	   0.20   9.81  -0.20 |  -1.6   -4.0   -0.1 |4244775
	   0.24   9.86  -0.20 |  -1.5   -0.1   -0.1 |4265627
	   0.26   9.80  -0.17 |  -1.3    3.3   -0.1 |4286470
	   0.27   9.81  -0.13 |  -0.4    6.9   -0.1 |4307311
	   0.23   9.81  -0.11 |   0.4   10.3   -0.2 |4328189
	   0.24   9.83  -0.10 |   1.5   13.6   -0.2 |4349342
	   0.25   9.76  -0.17 |   2.0   16.9   -0.4 |4370256
	   0.25   9.80  -0.19 |   2.1   20.3   -0.4 |4391148
	   0.22   9.81  -0.20 |   2.2   22.9   -0.5 |4412224
	   0.25   9.81  -0.20 |   1.8   25.9   -0.4 |4433145
	   0.21   9.80  -0.17 |   1.5   28.7   -0.8 |4454070
	   0.21   9.89  -0.14 |   1.1   31.7   -0.7 |4474946
	   0.19   9.87  -0.22 |   0.9   33.8   -0.7 |4495865
	   0.19   9.82  -0.18 |   0.5   36.3   -0.7 |4516750
	   0.23   9.85  -0.20 |   0.4   38.1   -0.9 |4537616
	   0.21   9.82  -0.17 |  -0.2   39.8   -0.8 |4558475
	   0.19   9.88  -0.25 |  -0.6   41.1   -0.9 |4579645
	   0.19   9.86  -0.24 |  -1.0   42.1   -0.8 |4600540
	   0.20   9.79  -0.18 |  -1.6   42.8   -0.7 |4621432
	   0.19   9.79  -0.30 |  -1.5   43.6   -0.7 |4642357
	   0.17   9.84  -0.13 |  -1.3   43.8   -0.6 |4663413
	   0.14   9.82  -0.15 |  -0.7   44.1   -0.7 |4684290
	   0.14   9.75  -0.06 |   0.1   44.1   -0.7 |4705137
	   0.11   9.90  -0.14 |   0.9   43.5   -0.5 |4726851
	   0.13   9.81  -0.26 |   1.3   42.4   -0.6 |4747901
	   0.12   9.76  -0.18 |   1.5   41.1   -0.5 |4768806
	   0.07   9.85  -0.17 |   1.7   39.7   -0.6 |4789667
	   0.09   9.86  -0.10 |   2.0   38.1   -0.6 |4810508
	   0.07   9.81  -0.10 |   2.1   36.4   -0.6 |4831414
	   0.06   9.82  -0.18 |   2.3   34.6   -0.7 |4852293
	   0.06   9.89  -0.21 |   2.4   31.9   -0.6 |4873164
	   0.03   9.87  -0.19 |   2.0   29.5   -0.6 |4894010
	   0.03   9.79  -0.16 |   1.3   26.9   -0.6 |4914919
	   0.10   9.78  -0.12 |   0.9   24.1   -0.5 |4935904
	   0.08   9.88  -0.25 |   0.1   20.6   -0.4 |4956936
	   0.08   9.86  -0.10 |  -0.8   17.6   -0.1 |4977898
	   0.06   9.77  -0.15 |  -0.9   14.2   -0.4 |5003992
	   0.03   9.82  -0.16 |  -1.2   10.3   -0.1 |5025023
	   0.06   9.89  -0.11 |  -1.2    7.0   -0.1 |5047116
	   0.06   9.79  -0.14 |  -1.2    3.3   -0.1 |5068172
	   0.03   9.81  -0.11 |  -0.9   -0.4   -0.1 |5089108
	   0.02   9.83  -0.17 |  -0.8   -4.0    0.0 |5110008
	   0.02   9.76  -0.12 |  -0.4   -7.7    0.1 |5130917
	   0.05   9.75  -0.13 |   0.0  -11.2    0.2 |5151854
	   0.11   9.86  -0.12 |   0.5  -14.3    0.2 |5172776
	   0.06   9.88  -0.13 |   1.2  -17.6    0.2 |5193681
	   0.07   9.74  -0.13 |   1.6  -20.3    0.1 |5214550
	   0.13   9.86  -0.17 |   2.0  -23.4    0.1 |5235469
	   0.10   9.86  -0.14 |   1.9  -26.3    0.2 |5256412
	   0.10   9.76  -0.15 |   2.0  -29.2    0.4 |5277307
	   0.12   9.81  -0.20 |   1.5  -32.0    0.2 |5298183
	   0.12   9.90  -0.23 |   1.2  -34.3    0.2 |5319038
	   0.11   9.82  -0.18 |   0.7  -36.5    0.5 |5339932
	   0.10   9.75  -0.16 |   0.4  -38.0    0.5 |5360790
	   0.11   9.91  -0.21 |  -0.1  -39.6    0.5 |5381651
	   0.15   9.91  -0.15 |  -0.5  -41.0    0.4 |5402525
	   0.15   9.78  -0.14 |  -1.0  -41.9    0.4 |5423419
	   0.13   9.83  -0.13 |  -1.3  -42.7    0.5 |5444339
	   0.15   9.90  -0.18 |  -1.8  -43.4    0.5 |5465243
	   0.12   9.79  -0.22 |  -1.8  -43.8    0.7 |5486135
	   0.20   9.80  -0.20 |  -1.7  -43.8    0.5 |5507026
	   0.18   9.93  -0.12 |  -1.3  -43.5    0.5 |5527887
	   0.17   9.82  -0.11 |  -1.1  -42.7    0.5 |5548779
	   0.21   9.78  -0.15 |  -0.2  -41.5    0.4 |5569653
	   0.20   9.84  -0.19 |   0.2  -40.6    0.1 |5590549
	   0.19   9.89  -0.15 |   0.4  -39.1    0.4 |5611418
	   0.22   9.80  -0.07 |   0.7  -37.5    0.4 |5632274
	   0.25   9.79  -0.18 |   1.0  -36.0    0.3 |5653128
	   0.21   9.86  -0.24 |   1.2  -34.0    0.2 |5673973
	   0.23   9.80  -0.07 |   1.5  -31.7    0.2 |5694830
	   0.27   9.84  -0.10 |   1.5  -29.0    0.2 |5715743
	   0.24   9.90  -0.16 |   1.5  -26.2    0.4 |5736741
	   0.24   9.83  -0.24 |   1.0  -22.9    0.2 |5757742
	   0.29   9.83  -0.25 |   0.5  -20.0    0.2 |5778647
	   0.23   9.90  -0.17 |  -0.1  -16.9    0.2 |5799501
	   0.29   9.83  -0.15 |  -0.9  -13.9    0.1 |5820407
	   0.30   9.84  -0.16 |  -1.2  -10.9    0.1 |5841243
	   0.29   9.86  -0.11 |  -1.3   -7.4    0.0 |5862092
	   0.27   9.83  -0.12 |  -1.3   -3.8   -0.1 |5882936
	   0.25   9.81  -0.18 |  -1.2   -0.1   -0.2 |5903891
	   0.25   9.88  -0.12 |  -1.0    3.5   -0.1 |5924759
	   0.25   9.81  -0.19 |  -0.8    7.1   -0.1 |5945600
	   0.29   9.81  -0.15 |  -0.6   10.3   -0.2 |5966476
	   0.26   9.81  -0.19 |  -0.3   13.5   -0.3 |5987327
	   0.26   9.81  -0.14 |   0.1   16.4   -0.2 |6008174
	   0.29   9.86  -0.12 |   0.7   19.8   -0.5 |6029013
	   0.24   9.83  -0.10 |   1.2   22.6   -0.2 |6049851
	   0.26   9.82  -0.19 |   2.0   25.6   -0.4 |6070729
	   0.22   9.81  -0.15 |   2.3   28.6   -0.4 |6091637
	   0.28   9.89  -0.23 |   2.3   30.9   -0.7 |6112580
	   0.20   9.87  -0.13 |   2.1   33.5   -0.5 |6133593
	   0.21   9.76  -0.26 |   1.8   35.5   -0.7 |6154484
	   0.23   9.83  -0.20 |   1.3   37.4   -0.8 |6175400
	   0.20   9.91  -0.21 |   0.7   38.9   -0.9 |6196281
	   0.19   9.81  -0.23 |   0.6   40.2   -0.7 |6217157
	   0.15   9.82  -0.18 |   0.3   41.6   -0.9 |6238254
	   0.17   9.87  -0.15 |  -0.1   42.4   -0.9 |6259183
	   0.18   9.87  -0.20 |  -0.5   43.0   -0.9 |6280078
	   0.16   9.81  -0.16 |  -0.9   43.0   -0.8 |6300957
	   0.13   9.85  -0.21 |  -1.3   43.3   -0.6 |6321854
	   0.16   9.86  -0.09 |  -1.3   43.0   -0.7 |6343127
	   0.18   9.82  -0.18 |  -1.3   42.4   -0.5 |6364064
	   0.11   9.82  -0.14 |  -0.7   41.7   -0.5 |6384917
	   0.09   9.81  -0.11 |  -0.3   40.6   -0.8 |6405806
	   0.12   9.81  -0.14 |   0.4   39.4   -0.4 |6426698
	   0.12   9.83  -0.14 |   0.9   37.8   -0.6 |6447598
	   0.09   9.83  -0.10 |   1.3   35.7   -0.7 |6468511
	   0.12   9.81  -0.15 |   1.3   33.8   -0.6 |6489376
	   0.09   9.83  -0.21 |   1.3   31.6   -0.7 |6510240
	   0.10   9.87  -0.11 |   1.1   29.2   -0.5 |6531082
	   0.05   9.81  -0.16 |   1.3   26.4   -0.5 |6551923
	   0.03   9.83  -0.20 |   1.5   23.4   -0.5 |6572773
	   0.09   9.80  -0.10 |   1.3   20.6   -0.5 |6593631
	   0.05   9.80  -0.17 |   0.9   17.5   -0.4 |6614493
	   0.03   9.85  -0.17 |   0.1   14.4   -0.4 |6635341
	   0.05   9.88  -0.17 |  -0.5   11.2   -0.4 |6656224
	   0.04   9.84  -0.16 |  -1.2    7.4   -0.1 |6677078
	   0.07   9.81  -0.12 |  -1.6    4.3   -0.2 |6697917
	   0.02   9.86  -0.23 |  -2.0    0.8   -0.1 |6718750
	   0.07   9.84  -0.16 |  -1.9   -2.5   -0.1 |6739633
	   0.07   9.77  -0.15 |  -1.8   -6.1    0.1 |6760510
	   0.05   9.81  -0.10 |  -1.5   -9.4   -0.1 |6781363
	   0.04   9.84  -0.11 |  -1.2  -12.8    0.1 |6802213
	   0.02   9.83  -0.14 |  -1.2  -16.1    0.0 |6823135
	   0.06   9.83  -0.19 |  -1.0  -19.0    0.1 |6844090
	   0.12   9.84  -0.16 |  -0.7  -22.0    0.2 |6864989
	   0.07   9.85  -0.13 |  -0.2  -25.1    0.0 |6885847
	   0.06   9.83  -0.17 |   0.2  -27.7    0.2 |6906692
	   0.03   9.83  -0.16 |   0.7  -30.2    0.1 |6927543
	   0.08   9.80  -0.11 |   1.2  -32.7    0.2 |6948431
	   0.11   9.85  -0.21 |   1.0  -34.8    0.3 |6969304
	   0.11   9.88  -0.15 |   1.0  -36.7    0.4 |6990153
	   0.14   9.85  -0.22 |   0.4  -38.6    0.4 |7010998
	   0.09   9.83  -0.19 |  -0.2  -39.7    0.3 |7031843
	   0.15   9.87  -0.20 |  -0.4  -41.0    0.4 |7052718
	   0.10   9.85  -0.18 |  -0.9  -42.0    0.7 |7073599
	   0.17   9.83  -0.21 |  -1.1  -42.5    0.6 |7094487
	   0.17   9.82  -0.20 |  -1.3  -43.0    0.6 |7115344
	   0.12   9.80  -0.17 |  -1.4  -42.9    0.6 |7136202
	   0.17   9.85  -0.20 |  -1.7  -42.8    0.5 |7157061
	   0.18   9.84  -0.16 |  -2.1  -42.5    0.5 |7177902
	   0.18   9.81  -0.18 |  -2.1  -41.6    0.5 |7198745
	   0.17   9.83  -0.15 |  -2.0  -40.8    0.4 |7219586
	   0.18   9.83  -0.19 |  -1.7  -39.2    0.4 |7240436
	   0.20   9.87  -0.14 |  -1.2  -37.9    0.5 |7261277
	   0.22   9.83  -0.22 |  -0.5  -36.0    0.4 |7282198
	   0.18   9.81  -0.18 |   0.1  -34.1    0.4 |7303084
	   0.16   9.89  -0.11 |   0.5  -31.9    0.4 |7323965
	   0.22   9.82  -0.19 |   1.0  -29.7    0.2 |7344898
	   0.22   9.79  -0.18 |   1.0  -27.1    0.3 |7365763
	   0.23   9.86  -0.21 |   0.7  -24.2    0.3 |7386618
	   0.20   9.81  -0.14 |   0.7  -21.2    0.2 |7407497
	   0.25   9.79  -0.10 |   0.9  -18.1    0.2 |7428437
	   0.23   9.82  -0.24 |   0.5  -14.9    0.0 |7449313
	   0.24   9.85  -0.21 |   0.4  -11.5    0.1 |7470184
	   0.21   9.84  -0.15 |   0.2   -8.4   -0.1 |7491038
	   0.24   9.86  -0.22 |  -0.1   -5.1   -0.2 |7511881
	   0.25   9.89  -0.17 |  -0.7   -1.8    0.1 |7532717
	   0.23   9.81  -0.17 |  -1.0    1.6   -0.1 |7553549
	   0.28   9.80  -0.16 |  -1.5    5.2   -0.3 |7574381
	   0.25   9.82  -0.18 |  -1.4    8.7   -0.4 |7595213
	   0.23   9.84  -0.10 |  -1.5   11.9   -0.2 |7616056
	   0.23   9.84  -0.21 |  -0.7   15.4   -0.4 |7636892
	   0.21   9.87  -0.24 |  -0.4   18.6   -0.4 |7657760
	   0.24   9.80  -0.15 |  -0.1   21.5   -0.5 |7678603
	   0.21   9.83  -0.16 |   0.2   24.1   -0.5 |7699442
	   0.22   9.86  -0.14 |   0.7   26.8   -0.6 |7720280
	   0.24   9.78  -0.19 |   1.5   29.4   -0.6 |7741137
	   0.23   9.82  -0.16 |   1.4   31.7   -0.7 |7762017
	   0.26   9.85  -0.14 |   1.8   33.9   -0.6 |7783012
	   0.22   9.87  -0.14 |   2.0   36.3   -0.7 |7803879
	   0.19   9.83  -0.16 |   2.1   38.1   -1.0 |7824737
	   0.19   9.82  -0.18 |   2.0   39.4   -0.8 |7845580
	   0.17   9.88  -0.19 |   1.6   40.6   -0.9 |7866515
	   0.19   9.86  -0.21 |   1.4   41.3   -0.8 |7887437
	   0.17   9.83  -0.15 |   0.7   41.9   -0.7 |7908395
	   0.13   9.86  -0.22 |   0.3   42.6   -0.7 |7929252
	   0.14   9.86  -0.16 |   0.1   42.8   -0.8 |7950074
	   0.16   9.85  -0.22 |  -0.1   42.6   -0.9 |7970913
	   0.09   9.85  -0.18 |  -0.4   42.4   -0.9 |7991762
	   0.16   9.87  -0.21 |  -0.4   41.9   -0.6 |8012683
	   0.10   9.87  -0.10 |  -0.7   40.8   -0.7 |8033525
	   0.11   9.81  -0.13 |  -0.6   39.5   -0.5 |8054360
	   0.11   9.85  -0.10 |  -0.2   37.8   -0.6 |8075251
	   0.12   9.87  -0.18 |  -0.2   36.1   -0.5 |8096260
	   0.12   9.80  -0.21 |   0.2   34.5   -0.4 |8117132
	   0.09   9.79  -0.09 |   0.6   32.3   -0.5 |8138004
	   0.11   9.80  -0.10 |   1.2   30.2   -0.4 |8158940
	   0.09   9.78  -0.13 |   1.6   27.4   -0.5 |8179931
	   0.05   9.84  -0.08 |   1.8   24.7   -0.5 |8200879
	   0.07   9.83  -0.10 |   2.0   21.7   -0.4 |8221777
	   0.06   9.81  -0.10 |   1.8   18.6   -0.3 |8243770
	   0.06   9.82  -0.14 |   1.6   15.3   -0.2 |8264979
	   0.10   9.83  -0.14 |   1.5   12.0   -0.2 |8285880
	   0.10   9.85  -0.19 |   1.1    8.7   -0.1 |8306831
	   0.07   9.80  -0.18 |   0.7    5.8   -0.2 |8327741
	   0.08   9.81  -0.22 |   0.4    2.3   -0.1 |8348695
	   0.06   9.88  -0.15 |   0.0   -1.0   -0.2 |8369554
	   0.08   9.83  -0.11 |  -0.5   -4.6   -0.1 |8390427
	   0.06   9.84  -0.13 |  -0.9   -7.9    0.2 |8411310
	   0.06   9.88  -0.17 |  -0.9  -11.5    0.2 |8432220
	   0.10   9.88  -0.14 |  -1.2  -14.6    0.3 |8453103
	   0.02   9.79  -0.09 |  -1.1  -17.9    0.1 |8473956
	   0.05   9.85  -0.14 |  -0.8  -20.5    0.1 |8494800
	   0.08   9.85  -0.12 |  -0.5  -23.5    0.3 |8515641
	   0.11   9.82  -0.16 |  -0.2  -26.1    0.4 |8536482
	   0.10   9.81  -0.15 |   0.1  -28.9    0.1 |8557322
	   0.12   9.84  -0.09 |   0.4  -31.3    0.3 |8578162
	   0.05   9.81  -0.12 |   0.5  -33.6    0.2 |8598999
	   0.09   9.79  -0.08 |   0.8  -35.5    0.4 |8619882
	   0.11   9.86  -0.15 |   1.0  -37.5    0.3 |8640732
	   0.10   9.87  -0.18 |   1.2  -38.6    0.5 |8661597
	   0.13   9.85  -0.23 |   1.1  -39.7    0.4 |8682463
	   0.17   9.80  -0.20 |   0.9  -40.5    0.5 |8703313
	   0.15   9.82  -0.15 |   0.8  -41.6    0.6 |8724196
	   0.19   9.80  -0.21 |   0.2  -42.1    0.5 |8745083
	   0.17   9.83  -0.26 |  -0.2  -42.7    0.5 |8765962
	   0.16   9.84  -0.19 |  -0.8  -42.4    0.6 |8786812
	   0.17   9.89  -0.14 |  -1.0  -41.9    0.5 |8807630
	   0.20   9.83  -0.12 |  -1.0  -41.3    0.6 |8828545
	   0.18   9.82  -0.20 |  -1.3  -40.2    0.5 |8849412
	   0.18   9.87  -0.15 |  -1.3  -39.1    0.2 |8870257
	   0.20   9.79  -0.12 |  -1.4  -37.6    0.4 |8891093
	   0.20   9.87  -0.11 |  -1.2  -36.1    0.5 |8911937
	   0.24   9.79  -0.29 |  -1.2  -34.3    0.4 |8932769
	   0.25   9.84  -0.14 |  -0.8  -32.3    0.4 |8953602
	   0.21   9.82  -0.20 |  -0.5  -30.0    0.3 |8975636
	   0.22   9.83  -0.09 |   0.0  -27.4    0.3 |8996773
	   0.23   9.82  -0.11 |   0.7  -24.6    0.1 |9017657
	   0.26   9.84  -0.17 |   0.9  -21.5    0.2 |9038551
	   0.25   9.86  -0.18 |   1.2  -18.5    0.2 |9059419
	   0.26   9.86  -0.15 |   1.0  -15.7    0.2 |9080329
	   0.21   9.80  -0.18 |   0.8  -12.5    0.2 |9101334
	   0.20   9.84  -0.17 |   0.7   -9.3   -0.1 |9122276
	   0.25   9.84  -0.19 |   0.7   -6.2    0.1 |9143230
	   0.31   9.81  -0.21 |   0.6   -3.1   -0.1 |9164212
	   0.22   9.84  -0.24 |   0.3    0.5   -0.1 |9185205
	   0.23   9.87  -0.19 |   0.0    3.8   -0.2 |9206163
	   0.24   9.86  -0.16 |  -0.2    7.5   -0.2 |9227135
	   0.24   9.80  -0.21 |  -0.7   11.0   -0.4 |9248122
	   0.22   9.84  -0.19 |  -1.0   13.7   -0.4 |9269079
	   0.26   9.85  -0.10 |  -1.0   17.0   -0.5 |9289985
	   0.24   9.82  -0.13 |  -1.0   20.0   -0.3 |9310862
	   0.26   9.80  -0.22 |  -1.0   22.9   -0.4 |9331718
	   0.21   9.85  -0.16 |  -0.4   25.9   -0.4 |9352807
	   0.23   9.83  -0.09 |   0.0   28.2   -0.5 |9373686
	   0.23   9.82  -0.21 |   0.2   30.7   -0.5 |9394553
	   0.20   9.84  -0.14 |   0.3   33.1   -0.6 |9415432
	   0.20   9.81  -0.16 |   0.7   35.0   -0.6 |9436466
	   0.19   9.81  -0.20 |   0.7   36.6   -0.7 |9457347
	   0.22   9.84  -0.20 |   1.0   38.1   -0.6 |9478219
	   0.17   9.85  -0.16 |   1.3   39.4   -0.7 |9499170
	   0.15   9.81  -0.21 |   1.5   40.6   -0.7 |9520227
	   0.17   9.84  -0.21 |   1.5   41.3   -0.6 |9541139
	   0.19   9.89  -0.20 |   1.2   41.9   -0.8 |9562008
	   0.13   9.89  -0.24 |   0.9   42.1   -0.7 |9582856
	   0.16   9.81  -0.23 |   0.4   42.2   -0.9 |9603671
	   0.09   9.84  -0.15 |  -0.3   41.8   -0.8 |9624532
	   0.11   9.84  -0.17 |  -0.5   40.8   -0.7 |9645418
	   0.12   9.86  -0.21 |  -0.9   39.9   -0.8 |9666289
	   0.12   9.84  -0.15 |  -0.9   38.8   -0.5 |9687180
	   0.09   9.87  -0.11 |  -0.9   37.6   -0.7 |9708188
	   0.11   9.87  -0.11 |  -0.6   35.9   -0.5 |9729135
	   0.10   9.81  -0.13 |  -0.9   34.3   -0.5 |9750061
	   0.08   9.85  -0.12 |  -1.1   32.2   -0.6 |9770971
	   0.07   9.83  -0.21 |  -0.7   29.9   -0.4 |9791920
	   0.10   9.79  -0.11 |  -0.7   27.6   -0.5 |9812792
	   0.07   9.83  -0.16 |  -0.2   24.8   -0.4 |9833651
	   0.04   9.81  -0.03 |   0.1   22.0   -0.4 |9854517
	   0.09   9.76  -0.15 |   0.7   19.0   -0.3 |9875418
	   0.08   9.80  -0.14 |   1.1   16.1   -0.4 |9896486
	   0.05   9.88  -0.20 |   1.2   13.1   -0.4 |9917413
	   0.03   9.85  -0.14 |   1.2    9.6   -0.4 |9938285
	   0.08   9.82  -0.16 |   0.7    6.7   -0.2 |9959142
	   0.01   9.82  -0.22 |   0.3    3.2   -0.2 |9979976
	   0.05   9.82  -0.15 |   0.1   -0.3   -0.2 |10005452
	   0.05   9.80  -0.13 |  -0.1   -4.5   -0.1 |10026445
	   0.05   9.83  -0.13 |  -0.2   -7.5   -0.1 |10047429
	   0.06   9.87  -0.10 |  -0.5  -10.8    0.1 |10068435
	   0.07   9.84  -0.14 |  -0.9  -14.2    0.2 |10089351
	   0.09   9.84  -0.12 |  -1.2  -16.8    0.2 |10110294
	   0.03   9.82  -0.12 |  -1.6  -20.2    0.1 |10131266
	   0.07   9.84  -0.17 |  -1.6  -22.9    0.3 |10152413
	   0.06   9.82  -0.15 |  -1.8  -25.9    0.3 |10173340
	   0.05   9.81  -0.10 |  -1.4  -28.3    0.2 |10194218
	   0.09   9.82  -0.22 |  -1.1  -30.6    0.3 |10215070
	   0.11   9.79  -0.16 |  -0.5  -32.7    0.2 |10235933
	   0.12   9.84  -0.10 |  -0.1  -35.0    0.4 |10256753
	   0.06   9.82  -0.17 |   0.2  -36.4    0.1 |10277605
	   0.10   9.87  -0.20 |   0.2  -38.0    0.4 |10298464
	   0.11   9.84  -0.22 |   0.3  -39.3    0.5 |10319303
	   0.11   9.85  -0.21 |   0.5  -40.2    0.5 |10340162
	   0.13   9.84  -0.16 |   0.5  -40.7    0.3 |10361018
	   0.11   9.85  -0.24 |   0.5  -41.4    0.5 |10381859
	   0.14   9.82  -0.15 |   0.6  -41.6    0.4 |10402703
	   0.14   9.87  -0.10 |   0.4  -41.3    0.4 |10423602
	   0.14   9.87  -0.19 |   0.2  -41.1    0.5 |10444513
	   0.16   9.82  -0.23 |  -0.5  -40.6    0.6 |10465368
	   0.17   9.87  -0.17 |  -0.8  -40.3    0.7 |10486212
	   0.17   9.82  -0.22 |  -1.2  -38.9    0.5 |10507050
	   0.18   9.86  -0.19 |  -1.4  -37.5    0.6 |10527891
	   0.17   9.84  -0.20 |  -1.5  -35.5    0.4 |10548773
	   0.21   9.86  -0.22 |  -1.4  -33.9    0.4 |10569623
	   0.22   9.87  -0.19 |  -1.0  -31.9    0.2 |10590467
	   0.17   9.82  -0.18 |  -0.7  -29.6    0.4 |10611307
	   0.18   9.83  -0.18 |  -1.0  -27.2    0.4 |10632253
	   0.21   9.85  -0.10 |  -0.7  -24.9    0.3 |10653109
	   0.23   9.84  -0.15 |  -0.3  -21.9    0.2 |10673968
	   0.25   9.83  -0.14 |  -0.3  -19.0    0.2 |10694836
	   0.25   9.81  -0.14 |   0.4  -15.9    0.1 |10715682
	   0.24   9.82  -0.14 |   1.0  -12.6   -0.1 |10736561
	   0.27   9.81  -0.15 |   1.2   -9.5   -0.1 |10757609
	   0.23   9.83  -0.15 |   1.3   -6.2   -0.1 |10778862
	   0.22   9.89  -0.13 |   1.2   -2.9   -0.1 |10800157
	   0.27   9.87  -0.15 |   1.0    0.5   -0.2 |10821222
	   0.25   9.84  -0.16 |   0.8    3.7   -0.2 |10842219
	   0.24   9.84  -0.12 |   0.5    7.1   -0.4 |10863207
	   0.30   9.81  -0.22 |   0.2   10.7   -0.2 |10884403
	   0.28   9.83  -0.22 |   0.2   13.7   -0.5 |10905328
	   0.26   9.86  -0.17 |   0.1   16.8   -0.5 |10926345
	   0.22   9.86  -0.25 |  -0.1   19.7   -0.5 |10947300
	   0.22   9.82  -0.13 |  -0.4   22.5   -0.5 |10968182
	   0.23   9.83  -0.18 |  -0.3   25.5   -0.4 |10989115
	   0.24   9.87  -0.17 |  -0.3   27.9   -0.6 |11010029
	   0.24   9.85  -0.14 |  -0.5   30.2   -0.7 |11030873
	   0.26   9.81  -0.20 |  -0.1   32.3   -0.8 |11051753
	   0.20   9.83  -0.14 |   0.2   34.4   -0.5 |11072808
	   0.20   9.81  -0.22 |   0.9   36.2   -0.7 |11093721
	   0.24   9.85  -0.18 |   1.0   37.7   -0.8 |11114626
	   0.19   9.82  -0.17 |   1.5   39.0   -0.6 |11135512
	   0.19   9.86  -0.15 |   1.5   39.8   -0.8 |11156422
	   0.22   9.89  -0.19 |   1.8   40.5   -0.7 |11177283
	   0.17   9.82  -0.10 |   1.6   41.0   -0.9 |11198134
	   0.19   9.85  -0.15 |   1.6   41.3   -0.8 |11218984
	   0.21   9.81  -0.19 |   1.8   41.3   -0.9 |11239842
	   0.14   9.84  -0.24 |   1.8   41.4   -0.6 |11260688
	   0.16   9.83  -0.19 |   1.3   40.7   -0.7 |11281504
	   0.15   9.84  -0.15 |   1.4   39.7   -0.9 |11302346
	   0.11   9.84  -0.16 |   0.7   38.8   -0.7 |11323193
	   0.12   9.87  -0.17 |   0.3   37.0   -0.7 |11344137
	   0.11   9.86  -0.15 |  -0.2   35.6   -0.5 |11364994
	   0.12   9.81  -0.16 |  -0.2   33.7   -0.5 |11385839
	   0.11   9.81  -0.14 |  -0.2   31.7   -0.5 |11406699
	   0.09   9.83  -0.11 |  -0.4   30.0   -0.5 |11427575
	   0.06   9.86  -0.16 |  -0.1   27.6   -0.4 |11448611
	   0.10   9.81  -0.09 |   0.2   24.9   -0.4 |11469550
	   0.10   9.83  -0.14 |   0.4   22.2   -0.2 |11490428
	   0.10   9.85  -0.25 |   0.5   19.0   -0.4 |11511330
	   0.08   9.84  -0.09 |   0.4   16.1   -0.3 |11532262
	   0.08   9.81  -0.20 |   0.7   12.9    0.0 |11553143
	   0.11   9.82  -0.22 |   1.0    9.8   -0.1 |11574006
	   0.04   9.84  -0.12 |   1.3    6.8   -0.2 |11594852
	   0.05   9.83  -0.11 |   1.4    3.4   -0.3 |11615669
	   0.07   9.84  -0.16 |   1.5    0.4   -0.1 |11636532
	   0.06   9.82  -0.14 |   1.3   -3.1   -0.1 |11657404
	   0.07   9.85  -0.14 |   0.9   -6.5   -0.1 |11678265
	   0.06   9.85  -0.08 |   0.5   -9.6    0.1 |11699111
	   0.09   9.82  -0.11 |   0.5  -13.1    0.1 |11720142
	   0.11   9.82  -0.19 |  -0.2  -16.0    0.3 |11741042
	   0.09   9.84  -0.12 |  -0.2  -19.0    0.4 |11761936
	   0.08   9.81  -0.14 |  -0.6  -21.6    0.2 |11782773
	   0.11   9.83  -0.17 |  -0.5  -24.5    0.2 |11803618
	   0.06   9.81  -0.12 |  -1.0  -27.1    0.3 |11824472
	   0.10   9.86  -0.10 |  -1.2  -29.5    0.5 |11845507
	   0.10   9.83  -0.19 |  -1.0  -31.7    0.5 |11866694
	   0.12   9.84  -0.14 |  -1.0  -34.1    0.5 |11888024
	   0.11   9.82  -0.22 |  -0.7  -35.6    0.3 |11909104
	   0.12   9.85  -0.14 |  -0.7  -37.1    0.4 |11930174
	   0.11   9.82  -0.15 |  -0.1  -38.4    0.2 |11951111
	   0.12   9.86  -0.17 |   0.1  -39.3    0.3 |11973004
	   0.14   9.85  -0.21 |   0.4  -40.2    0.5 |11993960
	   0.15   9.82  -0.13 |   0.4  -40.6    0.7 |12014843
	   0.16   9.83  -0.18 |   0.5  -41.0    0.5 |12035754
	   0.17   9.87  -0.18 |   0.5  -41.0    0.5 |12056746
	   0.18   9.83  -0.19 |   0.4  -40.9    0.6 |12077633
	   0.15   9.85  -0.13 |   0.4  -40.4    0.4 |12098596
	   0.19   9.82  -0.20 |   0.4  -39.6    0.5 |12119469
	   0.19   9.84  -0.21 |  -0.1  -38.3    0.5 |12140460
	   0.21   9.87  -0.16 |  -0.4  -36.9    0.5 |12161437
	   0.17   9.85  -0.19 |  -0.7  -35.5    0.5 |12182514
	   0.20   9.84  -0.19 |  -1.2  -33.7    0.5 |12203643
	   0.22   9.82  -0.14 |  -1.4  -31.7    0.3 |12224744
	   0.20   9.81  -0.24 |  -1.5  -29.7    0.3 |12245688
	   0.25   9.78  -0.15 |  -1.3  -27.3    0.4 |12266715
	   0.24   9.83  -0.16 |  -1.2  -24.8    0.3 |12287677
	   0.19   9.83  -0.12 |  -0.9  -21.9    0.3 |12308562
	   0.24   9.86  -0.16 |  -0.8  -19.0    0.3 |12329484
	   0.24   9.80  -0.08 |  -0.7  -15.8    0.1 |12350390
	   0.28   9.81  -0.14 |  -0.4  -13.0    0.0 |12371269
	   0.21   9.82  -0.15 |  -0.3   -9.9    0.1 |12392151
	   0.22   9.80  -0.17 |   0.2   -6.7   -0.1 |12413075
	   0.24   9.80  -0.14 |   0.4   -3.8    0.1 |12434192
	   0.30   9.87  -0.17 |   0.9    0.1   -0.2 |12455056
	   0.21   9.78  -0.16 |   0.9    3.2   -0.1 |12475949
	   0.23   9.82  -0.10 |   1.0    6.3   -0.1 |12496882
	   0.25   9.88  -0.19 |   0.7    9.6   -0.2 |12517795
	   0.24   9.86  -0.12 |   0.6   12.7   -0.4 |12538630
	   0.26   9.84  -0.19 |   0.1   15.7   -0.4 |12559647
	   0.23   9.87  -0.18 |  -0.1   18.8   -0.5 |12580557
	   0.23   9.85  -0.24 |  -0.2   21.7   -0.5 |12601433
	   0.22   9.83  -0.18 |  -0.1   24.4   -0.4 |12622365
	   0.23   9.81  -0.23 |  -0.5   27.0   -0.5 |12643276
	   0.25   9.81  -0.18 |  -0.6   29.3   -0.5 |12664179
	   0.22   9.86  -0.15 |  -0.7   31.6   -0.5 |12685055
	   0.19   9.86  -0.20 |  -0.8   33.3   -0.6 |12705964
	   0.19   9.87  -0.20 |  -0.9   35.2   -0.6 |12726845
	   0.21   9.83  -0.20 |  -0.6   36.6   -0.7 |12747719
	   0.17   9.84  -0.12 |  -0.3   38.0   -0.5 |12768814
	   0.20   9.81  -0.19 |  -0.2   39.1   -0.7 |12789759
	   0.20   9.83  -0.13 |   0.4   40.0   -0.7 |12810648
	   0.13   9.84  -0.12 |   1.0   40.5   -0.7 |12831522
	   0.12   9.82  -0.21 |   0.9   40.9   -0.6 |12852359
	   0.10   9.84  -0.17 |   1.0   40.6   -0.7 |12873246
	   0.15   9.85  -0.24 |   0.8   40.5   -0.6 |12894166
	   0.14   9.83  -0.28 |   0.7   40.1   -0.7 |12915044
	   0.10   9.85  -0.19 |   0.7   39.3   -0.8 |12935914
	   0.13   9.83  -0.13 |   0.7   38.1   -0.7 |12956767
	   0.10   9.85  -0.20 |   0.4   36.9   -0.8 |12977621
	   0.11   9.85  -0.14 |   0.4   35.5   -0.8 |12998467
	   0.13   9.85  -0.23 |   0.1   33.8   -0.5 |13019409
	   0.07   9.80  -0.21 |  -0.1   32.0   -0.5 |13040321
	   0.08   9.82  -0.15 |  -0.5   29.7   -0.5 |13061188
	   0.08   9.82  -0.15 |  -0.9   27.4   -0.5 |13082072
	   0.08   9.82  -0.16 |  -1.1   25.0   -0.6 |13102994
	   0.09   9.81  -0.19 |  -0.9   22.3   -0.2 |13123901
	   0.02   9.82  -0.13 |  -0.6   19.5   -0.4 |13144777
	   0.09   9.81  -0.19 |  -0.5   16.5   -0.4 |13165645
	   0.03   9.79  -0.19 |  -0.3   13.4   -0.4 |13186549
	   0.04   9.80  -0.13 |   0.0   10.4   -0.2 |13207406
	   0.07   9.81  -0.17 |  -0.2    7.1   -0.1 |13228264
	   0.04   9.81  -0.16 |   0.0    4.0   -0.2 |13249115
	   0.08   9.84  -0.09 |   0.2    0.7   -0.1 |13269969
	   0.05   9.85  -0.19 |   0.5   -2.4   -0.2 |13290805
	   0.04   9.78  -0.10 |   0.9   -5.6   -0.1 |13311638
	   0.05   9.81  -0.16 |   0.6   -8.9   -0.1 |13332473
	   0.05   9.84  -0.18 |   0.7  -12.0   -0.1 |13353307
	   0.13   9.85  -0.13 |   0.8  -15.1   -0.1 |13374140
	   0.06   9.84  -0.17 |   0.2  -17.7    0.1 |13395006
	   0.06   9.85  -0.15 |  -0.1  -20.9    0.2 |13415888
	   0.07   9.86  -0.16 |  -0.6  -23.6    0.4 |13436770
	   0.11   9.82  -0.19 |  -0.9  -26.1    0.1 |13457626
	   0.09   9.86  -0.21 |  -0.8  -28.4    0.2 |13478488
	   0.07   9.83  -0.16 |  -1.0  -30.6    0.5 |13499332
	   0.11   9.84  -0.15 |  -0.9  -32.7    0.4 |13520164
	   0.06   9.83  -0.20 |  -0.9  -34.5    0.3 |13541011
	   0.11   9.91  -0.14 |  -0.9  -36.2    0.4 |13561932
	   0.09   9.89  -0.13 |  -1.0  -37.6    0.4 |13582830
	   0.09   9.84  -0.22 |  -1.0  -38.6    0.4 |13603718
	   0.14   9.83  -0.23 |  -0.5  -39.2    0.5 |13624776
	   0.17   9.83  -0.16 |  -0.4  -40.0    0.5 |13645670
	   0.16   9.85  -0.18 |  -0.1  -40.3    0.4 |13666534
	   0.13   9.81  -0.14 |   0.4  -40.3    0.2 |13687385
	   0.16   9.85  -0.12 |   0.7  -40.2    0.6 |13708224
	   0.19   9.86  -0.19 |   0.5  -40.0    0.2 |13729057
	   0.20   9.84  -0.16 |   0.4  -39.1    0.5 |13749923
	   0.20   9.85  -0.13 |   0.4  -38.3    0.3 |13770858
	   0.21   9.83  -0.21 |   0.5  -36.7    0.4 |13791733
	   0.17   9.82  -0.20 |   0.2  -35.6    0.4 |13812658
	   0.18   9.84  -0.09 |   0.0  -33.9    0.5 |13833501
	   0.22   9.85  -0.23 |  -0.4  -32.0    0.5 |13854343
	   0.23   9.81  -0.19 |  -0.1  -29.8    0.4 |13875190
	   0.27   9.82  -0.17 |  -0.4  -27.4    0.3 |13896037
	   0.22   9.84  -0.18 |  -0.7  -25.6    0.1 |13916872
	   0.23   9.83  -0.21 |  -0.7  -22.6    0.3 |13937705
	   0.29   9.81  -0.20 |  -1.0  -20.0    0.1 |13958709
	   0.24   9.83  -0.19 |  -0.9  -17.2    0.2 |13979562
	   0.24   9.80  -0.16 |  -0.7  -13.9    0.0 |14000512
	   0.21   9.84  -0.15 |  -0.2  -11.1    0.1 |14021382
	   0.22   9.82  -0.15 |   0.0   -7.8   -0.1 |14042226
	   0.27   9.81  -0.17 |   0.3   -4.6   -0.2 |14063063
	   0.27   9.81  -0.14 |   0.7   -1.4   -0.2 |14083959
	   0.28   9.79  -0.12 |   0.9    1.8   -0.3 |14104883
	   0.29   9.82  -0.14 |   0.9    4.8   -0.2 |14125776
	   0.29   9.80  -0.16 |   1.2    8.2   -0.2 |14146627
	   0.25   9.86  -0.25 |   1.2   11.2   -0.4 |14167472
	   0.23   9.83  -0.12 |   1.5   14.3   -0.3 |14188434
	   0.27   9.84  -0.18 |   1.4   17.5   -0.5 |14209324
	   0.28   9.82  -0.17 |   1.3   20.2   -0.7 |14230193
	   0.26   9.85  -0.21 |   1.2   22.9   -0.6 |14251039
	   0.24   9.83  -0.18 |   0.7   25.4   -0.6 |14271880
	   0.20   9.86  -0.20 |   0.7   27.7   -0.5 |14292716
	   0.24   9.85  -0.11 |   0.3   30.1   -0.8 |14313551
	   0.25   9.83  -0.16 |   0.3   32.2   -0.7 |14334378
	   0.22   9.81  -0.19 |   0.2   33.8   -0.7 |14355212
	   0.21   9.86  -0.15 |   0.3   35.7   -0.7 |14376044
	   0.23   9.81  -0.16 |   0.2   37.2   -0.7 |14396873
	   0.21   9.84  -0.22 |   0.2   38.0   -1.1 |14417783
	   0.18   9.86  -0.17 |   0.3   38.9   -0.6 |14438664
	   0.18   9.80  -0.11 |   0.6   39.6   -0.8 |14459512
	   0.17   9.84  -0.10 |   0.8   39.9   -0.7 |14480467
	   0.17   9.83  -0.13 |   0.8   40.5   -0.7 |14501323
	   0.15   9.81  -0.14 |   1.3   40.1   -0.7 |14522170
	   0.14   9.83  -0.18 |   1.2   39.8   -0.7 |14543006
	   0.13   9.82  -0.19 |   1.6   39.1   -0.6 |14563846
	   0.11   9.83  -0.16 |   1.6   38.2   -0.6 |14584721
	   0.10   9.83  -0.15 |   1.6   37.0   -0.5 |14605721
	   0.12   9.87  -0.19 |   1.4   35.5   -0.4 |14626645
	   0.12   9.84  -0.19 |   1.3   34.1   -0.5 |14647525
	   0.09   9.87  -0.12 |   1.0   32.3   -0.7 |14668457
	   0.08   9.82  -0.23 |   0.8   30.3   -0.7 |14689334
	   0.08   9.84  -0.12 |   0.7   28.1   -0.4 |14710214
	   0.11   9.82  -0.16 |   0.3   25.8   -0.4 |14731087
	   0.11   9.79  -0.16 |   0.0   23.3   -0.3 |14751973
	   0.13   9.87  -0.17 |  -0.2   20.3   -0.4 |14772865
	   0.06   9.81  -0.17 |  -0.4   17.5   -0.2 |14793749
	   0.05   9.81  -0.14 |  -0.5   14.6   -0.2 |14814639
	   0.05   9.84  -0.17 |  -0.4   11.4   -0.3 |14835520
	   0.11   9.80  -0.13 |  -0.1    8.4   -0.1 |14856386
	   0.06   9.83  -0.10 |   0.1    5.4    0.1 |14877235
	   0.07   9.83  -0.20 |   0.1    2.3   -0.1 |14898077
	   0.06   9.82  -0.14 |   0.1   -0.8   -0.2 |14918916
	   0.07   9.82  -0.15 |   0.4   -4.3    0.0 |14939752
	   0.09   9.80  -0.22 |   0.7   -7.4    0.0 |14960745
	   0.06   9.82  -0.12 |   0.7  -10.8    0.2 |14981614
	   0.09   9.80  -0.16 |   0.7  -13.7    0.0 |15005463
	   0.05   9.81  -0.21 |   0.7  -17.2    0.1 |15026433
	   0.07   9.81  -0.20 |   0.5  -20.0    0.1 |15047279
	   0.08   9.83  -0.22 |   0.6  -22.4    0.2 |15068242
	   0.05   9.87  -0.12 |   0.2  -25.0    0.3 |15089142
	   0.01   9.84  -0.15 |  -0.1  -27.3    0.2 |15110049
	   0.06   9.84  -0.20 |  -0.2  -29.8    0.2 |15130900
	   0.08   9.85  -0.12 |  -0.7  -31.9    0.3 |15151755
	   0.12   9.86  -0.16 |  -0.9  -33.6    0.4 |15172658
	   0.15   9.82  -0.25 |  -0.9  -35.3    0.5 |15193543
	   0.11   9.84  -0.20 |  -1.0  -36.7    0.4 |15214398
	   0.11   9.86  -0.14 |  -1.2  -37.8    0.2 |15235239
	   0.10   9.83  -0.13 |  -0.9  -38.8    0.5 |15256158
	   0.13   9.83  -0.19 |  -1.0  -39.4    0.5 |15277011
	   0.13   9.85  -0.17 |  -0.9  -39.9    0.5 |15297860
	   0.15   9.81  -0.13 |  -0.8  -39.9    0.4 |15318698
	   0.14   9.80  -0.17 |  -0.4  -39.9    0.6 |15339531
	   0.14   9.83  -0.17 |  -0.2  -39.7    0.3 |15360367
	   0.19   9.87  -0.17 |   0.1  -38.9    0.4 |15381201
	   0.17   9.82  -0.15 |   0.2  -38.0    0.4 |15402036
	   0.17   9.83  -0.12 |   0.2  -36.7    0.5 |15422913
	   0.25   9.83  -0.16 |   0.3  -35.6    0.4 |15443779
	   0.21   9.81  -0.16 |   0.3  -34.2    0.4 |15464758
	   0.22   9.86  -0.15 |   0.1  -32.2    0.5 |15485769
	   0.24   9.87  -0.18 |  -0.3  -30.1    0.5 |15506629
	   0.23   9.82  -0.14 |  -0.4  -28.1    0.4 |15527471
	   0.22   9.83  -0.19 |  -0.5  -25.8    0.4 |15548312
	   0.20   9.84  -0.13 |  -0.5  -23.1    0.2 |15569149
	   0.24   9.87  -0.18 |  -0.7  -20.5    0.4 |15589982
	   0.23   9.81  -0.23 |  -0.9  -17.5    0.1 |15610815
	   0.22   9.83  -0.13 |  -1.0  -14.6    0.2 |15631649
	   0.25   9.83  -0.10 |  -1.3  -11.7    0.2 |15652518
	   0.24   9.83  -0.19 |  -1.0   -9.0    0.1 |15673360
	   0.25   9.83  -0.18 |  -1.0   -5.4    0.0 |15694195
	   0.24   9.80  -0.20 |  -1.0   -2.4   -0.1 |15715024
	   0.25   9.81  -0.21 |  -0.4    1.0   -0.1 |15735855
	   0.24   9.82  -0.15 |  -0.1    3.7   -0.2 |15756727
	   0.22   9.81  -0.10 |   0.4    7.0   -0.4 |15777593
	   0.28   9.85  -0.23 |   0.4   10.2   -0.4 |15798452
	   0.22   9.80  -0.16 |   0.5   13.1   -0.2 |15819332
	   0.24   9.82  -0.15 |   0.4   16.3   -0.4 |15840186
	   0.24   9.84  -0.13 |   0.5   19.2   -0.4 |15861070
	   0.19   9.82  -0.10 |   0.4   21.8   -0.4 |15881924
	   0.18   9.77  -0.22 |   0.5   24.2   -0.5 |15902769
	   0.20   9.85  -0.17 |   0.4   26.7   -0.5 |15923609
	   0.20   9.86  -0.21 |   0.5   28.9   -0.6 |15944557
	   0.18   9.85  -0.15 |   0.4   31.1   -0.7 |15965416
	   0.22   9.80  -0.17 |  -0.1   32.7   -0.7 |15986279
	   0.18   9.84  -0.14 |  -0.4   34.6   -0.7 |16007101
	   0.23   9.87  -0.15 |  -0.5   36.0   -0.6 |16027934
	   0.21   9.86  -0.21 |  -0.6   37.5   -0.7 |16048770
	   0.17   9.84  -0.18 |  -0.7   38.1   -0.9 |16069606
	   0.14   9.87  -0.12 |  -0.3   39.1   -0.8 |16090489
	   0.17   9.81  -0.14 |  -0.4   39.3   -0.7 |16111384
	   0.15   9.82  -0.17 |  -0.2   39.4   -0.7 |16132248
	   0.15   9.79  -0.19 |  -0.1   39.5   -0.6 |16153101
	   0.12   9.84  -0.15 |   0.2   39.4   -0.7 |16173942
	   0.13   9.82  -0.14 |   0.0   38.9   -0.7 |16194784
	   0.15   9.85  -0.14 |   0.4   38.1   -0.6 |16215658
	   0.12   9.83  -0.20 |   0.5   36.9   -0.7 |16236531
	   0.07   9.79  -0.12 |   0.7   35.5   -0.6 |16257381
	   0.11   9.80  -0.13 |   0.9   34.2   -0.7 |16278224
	   0.07   9.82  -0.19 |   1.2   32.5   -0.7 |16299064
	   0.04   9.83  -0.18 |   0.8   30.4   -0.7 |16319947
	   0.12   9.81  -0.21 |   0.7   28.2   -0.4 |16340798
	   0.10   9.82  -0.23 |   0.5   26.2   -0.6 |16361660
	   0.07   9.84  -0.15 |   0.1   23.8   -0.5 |16382509
	   0.09   9.83  -0.12 |   0.0   21.1   -0.5 |16403325
	   0.06   9.83  -0.10 |  -0.2   18.3   -0.5 |16424206
	   0.04   9.81  -0.24 |  -0.4   15.4   -0.4 |16445087
	   0.07   9.78  -0.14 |  -0.4   12.5   -0.5 |16465934
	   0.05   9.83  -0.14 |  -0.7    9.4   -0.2 |16486772
	   0.09   9.79  -0.19 |  -0.4    6.2   -0.1 |16507610
	   0.10   9.81  -0.15 |  -0.5    3.1   -0.1 |16528589
	   0.06   9.78  -0.15 |  -0.5   -0.1   -0.2 |16549452
	   0.05   9.81  -0.12 |  -0.2   -3.1    0.0 |16570319
	   0.05   9.80  -0.15 |  -0.3   -6.0    0.1 |16591163
	   0.06   9.85  -0.11 |   0.0   -9.2   -0.1 |16612057
	   0.09   9.85  -0.10 |   0.4  -12.1    0.2 |16632903
	   0.06   9.81  -0.10 |   0.5  -15.3    0.1 |16653743
	   0.09   9.84  -0.13 |   0.6  -18.1    0.2 |16674580
	   0.07   9.83  -0.16 |   0.6  -21.0    0.1 |16695417
	   0.08   9.85  -0.15 |   0.7  -23.5    0.4 |16716289
	   0.07   9.80  -0.14 |   0.5  -25.8    0.2 |16737229
	   0.05   9.84  -0.14 |   0.1  -28.0    0.3 |16758137
	   0.13   9.82  -0.15 |   0.2  -30.2    0.4 |16779058
	   0.11   9.83  -0.15 |   0.3  -32.2    0.2 |16799928
	   0.15   9.81  -0.16 |  -0.1  -33.8    0.4 |16820783
	   0.12   9.85  -0.15 |  -0.5  -35.5    0.4 |16841610
	   0.12   9.85  -0.14 |  -0.5  -36.8    0.4 |16862433
	   0.14   9.81  -0.16 |  -0.7  -37.7    0.4 |16883310
	   0.09   9.84  -0.17 |  -0.9  -38.5    0.5 |16904176
	   0.18   9.83  -0.20 |  -0.9  -39.1    0.5 |16925023
	   0.20   9.79  -0.21 |  -0.7  -39.4    0.4 |16945892
	   0.17   9.83  -0.13 |  -0.5  -39.1    0.7 |16966743
	   0.17   9.82  -0.14 |  -0.4  -39.1    0.5 |16987585
	   0.17   9.76  -0.10 |  -0.2  -38.6    0.2 |17008755
	   0.21   9.85  -0.16 |  -0.1  -38.0    0.4 |17029640
	   0.20   9.80  -0.13 |   0.1  -36.7    0.4 |17050485
	   0.21   9.81  -0.20 |   0.1  -35.8    0.4 |17071327
	   0.23   9.87  -0.17 |   0.4  -34.2    0.4 |17092208
	   0.25   9.83  -0.15 |   0.5  -32.4    0.5 |17113090
	   0.21   9.80  -0.16 |   0.7  -30.6    0.5 |17133947
	   0.25   9.86  -0.18 |   0.9  -28.5    0.1 |17154794
	   0.22   9.82  -0.16 |   0.5  -26.3    0.2 |17175680
	   0.23   9.83  -0.17 |   0.5  -23.9    0.4 |17196528
	   0.26   9.86  -0.23 |   0.2  -21.6    0.4 |17217374
	   0.22   9.84  -0.11 |   0.2  -18.9    0.1 |17238281
	   0.24   9.83  -0.18 |  -0.1  -15.9    0.2 |17259206
	   0.27   9.84  -0.14 |  -0.2  -12.9    0.1 |17280090
	   0.26   9.83  -0.20 |  -0.3   -9.8    0.1 |17301006
	   0.26   9.81  -0.21 |  -0.3   -6.7    0.1 |17321953
	   0.24   9.83  -0.16 |  -0.2   -3.5   -0.2 |17342823
	   0.18   9.83  -0.09 |  -0.4   -0.7   -0.2 |17363668
	   0.27   9.80  -0.14 |  -0.1    2.3   -0.3 |17384519
	   0.25   9.80  -0.15 |  -0.1    5.5   -0.2 |17405366
	   0.24   9.82  -0.13 |   0.4    8.7   -0.2 |17426252
	   0.23   9.81  -0.20 |   0.6   11.5   -0.4 |17447146
	   0.26   9.81  -0.07 |   0.9   14.7   -0.4 |17468071
	   0.23   9.81  -0.15 |   1.0   17.7   -0.3 |17488933
	   0.23   9.86  -0.12 |   1.2   20.3   -0.5 |17509777
	   0.25   9.81  -0.19 |   1.3   23.0   -0.5 |17530618
	   0.22   9.83  -0.11 |   1.5   25.0   -0.5 |17551502
	   0.20   9.86  -0.10 |   1.5   27.6   -0.5 |17572492
	   0.18   9.81  -0.26 |   1.2   29.7   -0.6 |17593360
	   0.22   9.86  -0.23 |   0.9   31.4   -0.9 |17614225
	   0.21   9.84  -0.14 |   0.9   33.3   -0.5 |17635084
	   0.16   9.79  -0.13 |   0.9   35.1   -0.7 |17655932
	   0.22   9.84  -0.13 |   0.7   36.1   -0.9 |17676774
	   0.19   9.82  -0.16 |   0.5   37.3   -0.7 |17697613
	   0.18   9.84  -0.18 |   0.2   38.1   -0.6 |17718459
	   0.18   9.81  -0.15 |   0.4   38.7   -0.9 |17739300
	   0.16   9.83  -0.20 |   0.1   38.9   -0.6 |17760203
	   0.14   9.81  -0.10 |   0.1   39.1   -0.7 |17781151
	   0.17   9.80  -0.14 |   0.3   38.9   -0.7 |17802022
	   0.15   9.85  -0.18 |   0.1   38.5   -0.7 |17822921
	   0.16   9.88  -0.19 |   0.4   38.0   -0.7 |17843831
	   0.11   9.83  -0.14 |   0.5   36.9   -0.4 |17864670
	   0.09   9.83  -0.18 |   0.7   35.6   -0.5 |17885560
	   0.08   9.84  -0.10 |   0.7   33.9   -0.5 |17906432
	   0.12   9.84  -0.17 |   0.7   32.7   -0.5 |17927331
	   0.09   9.79  -0.24 |   1.0   30.9   -0.4 |17948197
	   0.03   9.83  -0.22 |   1.0   28.9   -0.4 |17969059
	   0.08   9.86  -0.11 |   1.2   26.6   -0.5 |17989925
	   0.06   9.84  -0.15 |   1.0   24.4   -0.6 |18010769
	   0.08   9.81  -0.14 |   0.8   22.0   -0.5 |18031608
	   0.08   9.87  -0.15 |   0.5   19.3   -0.4 |18052485
	   0.07   9.87  -0.10 |   0.2   16.4   -0.5 |18073326
	   0.07   9.81  -0.19 |  -0.1   13.3   -0.4 |18094214
	   0.02   9.82  -0.17 |  -0.2   10.4   -0.3 |18115092
	   0.02   9.81  -0.21 |  -0.2    7.5   -0.2 |18135979
	   0.01   9.84  -0.17 |  -0.4    4.2    0.0 |18156832
	   0.04   9.85  -0.19 |  -0.7    1.2   -0.1 |18177679
	   0.06   9.82  -0.17 |  -0.5   -1.7   -0.1 |18198519
	   0.06   9.80  -0.15 |  -0.7   -4.8    0.0 |18219374
	   0.07   9.87  -0.16 |  -0.5   -8.1    0.1 |18240250
	   0.04   9.79  -0.16 |  -0.5  -11.1    0.1 |18261101
	   0.06   9.81  -0.11 |  -0.4  -14.2    0.1 |18281962
	   0.06   9.86  -0.12 |  -0.2  -16.8    0.1 |18302885
	   0.05   9.84  -0.17 |   0.1  -19.5    0.0 |18323894
	   0.09   9.83  -0.16 |   0.2  -22.2    0.2 |18344824
	   0.11   9.83  -0.16 |   0.4  -24.4    0.2 |18365723
	   0.09   9.82  -0.11 |   0.5  -27.1    0.2 |18386583
	   0.11   9.81  -0.20 |   0.1  -28.9    0.2 |18407454
	   0.08   9.85  -0.16 |   0.2  -30.9    0.1 |18428413
	   0.08   9.85  -0.12 |   0.0  -32.9    0.3 |18449309
	   0.05   9.84  -0.20 |  -0.1  -34.3    0.4 |18470168
	   0.10   9.82  -0.18 |  -0.2  -35.8    0.2 |18491000
	   0.13   9.88  -0.20 |  -0.5  -36.7    0.4 |18511934
	   0.12   9.82  -0.16 |  -0.7  -37.4    0.5 |18532977
	   0.11   9.87  -0.21 |  -0.7  -38.1    0.5 |18553858
	   0.11   9.87  -0.22 |  -1.0  -38.6    0.4 |18574713
	   0.11   9.83  -0.19 |  -1.2  -38.5    0.5 |18595571
	   0.12   9.80  -0.15 |  -1.3  -38.6    0.5 |18616496
	   0.16   9.85  -0.16 |  -1.3  -38.1    0.5 |18637355
	   0.16   9.83  -0.11 |  -1.0  -37.6    0.5 |18658204
	   0.18   9.84  -0.12 |  -0.7  -36.8    0.4 |18679054
	   0.21   9.86  -0.21 |  -0.8  -35.6    0.5 |18699897
	   0.13   9.82  -0.13 |  -0.5  -34.3    0.5 |18720736
	   0.19   9.83  -0.09 |  -0.4  -32.5    0.3 |18741615
	   0.16   9.83  -0.16 |  -0.1  -30.8    0.3 |18762523
	   0.18   9.85  -0.27 |  -0.1  -29.3    0.3 |18783413
	   0.23   9.81  -0.18 |   0.0  -27.0    0.5 |18804289
	   0.22   9.84  -0.10 |   0.1  -24.7    0.4 |18825205
	   0.22   9.84  -0.15 |   0.2  -22.0    0.2 |18846086
	   0.23   9.86  -0.11 |   0.1  -19.5    0.3 |18867022
	   0.24   9.81  -0.12 |   0.0  -16.8    0.1 |18888120
	   0.24   9.86  -0.21 |  -0.2  -14.0    0.2 |18909013
	   0.26   9.84  -0.13 |  -0.5  -10.9    0.1 |18929883
	   0.22   9.82  -0.22 |  -0.5   -7.7    0.0 |18950730
	   0.24   9.83  -0.15 |  -0.7   -4.7    0.0 |18971546
	   0.22   9.80  -0.15 |  -0.9   -2.0    0.0 |18992522
	   0.25   9.87  -0.22 |  -0.9    1.1    0.1 |19013391
	   0.28   9.82  -0.13 |  -0.7    4.3   -0.1 |19034236
	   0.26   9.81  -0.20 |  -0.7    7.4   -0.1 |19055067
	   0.21   9.82  -0.22 |  -0.7   10.3   -0.2 |19075906
	   0.22   9.82  -0.13 |  -0.5   13.3   -0.2 |19096781
	   0.25   9.82  -0.20 |  -0.4   16.2   -0.5 |19117670
	   0.22   9.83  -0.10 |  -0.1   18.9   -0.4 |19138531
	   0.18   9.76  -0.13 |   0.1   21.4   -0.2 |19159376
	   0.25   9.81  -0.19 |   0.5   23.8   -0.5 |19180471
	   0.19   9.86  -0.22 |   0.6   26.2   -0.6 |19201365
	   0.22   9.85  -0.18 |   0.7   28.5   -0.5 |19222217
	   0.18   9.83  -0.14 |   0.8   30.5   -0.6 |19243060
	   0.21   9.82  -0.17 |   0.7   32.3   -0.7 |19263899
	   0.15   9.80  -0.22 |   0.9   33.8   -0.6 |19284733
	   0.20   9.86  -0.20 |   0.5   35.2   -0.6 |19305564
	   0.17   9.82  -0.20 |   0.3   36.6   -0.9 |19326487
	   0.15   9.86  -0.17 |   0.4   37.4   -0.8 |19347412
	   0.19   9.83  -0.12 |   0.2   38.1   -0.7 |19368284
	   0.17   9.86  -0.14 |   0.2   38.1   -0.7 |19389211
	   0.14   9.85  -0.22 |   0.2   38.5   -0.7 |19410080
	   0.15   9.84  -0.22 |  -0.2   38.5   -0.9 |19430949
	   0.12   9.82  -0.16 |  -0.2   38.3   -0.9 |19451854
	   0.16   9.87  -0.19 |  -0.4   37.5   -0.6 |19472711
	   0.12   9.85  -0.20 |  -0.4   36.8   -0.6 |19493582
	   0.19   9.83  -0.17 |  -0.1   35.5   -0.6 |19514411
	   0.12   9.86  -0.20 |   0.2   34.4   -0.5 |19535275
	   0.15   9.83  -0.18 |   0.4   33.1   -0.4 |19556166
	   0.14   9.81  -0.19 |   0.5   31.3   -0.4 |19577013
	   0.07   9.85  -0.17 |   0.7   29.2   -0.7 |19597856
	   0.09   9.86  -0.19 |   0.9   27.2   -0.5 |19618695
	   0.11   9.84  -0.17 |   0.7   24.9   -0.5 |19639528
	   0.09   9.81  -0.21 |   0.9   22.3   -0.4 |19660362
	   0.09   9.83  -0.20 |   0.8   20.0   -0.4 |19681191
	   0.08   9.81  -0.14 |   0.9   17.5   -0.3 |19702022
	   0.05   9.81  -0.19 |   0.7   14.5   -0.4 |19722890
	   0.05   9.86  -0.17 |   0.6   11.6   -0.2 |19743731
	   0.04   9.86  -0.17 |   0.4    8.6   -0.2 |19764730
	   0.10   9.83  -0.12 |   0.3    5.7   -0.2 |19785598
	   0.06   9.81  -0.11 |  -0.2    2.4   -0.1 |19806454
	   0.09   9.81  -0.11 |  -0.2   -0.5   -0.1 |19827294
	   0.07   9.82  -0.15 |  -0.5   -3.7   -0.1 |19848299
	   0.11   9.85  -0.09 |  -0.3   -6.8   -0.1 |19869224
	   0.01   9.86  -0.21 |  -0.5   -9.8    0.1 |19890094
	   0.04   9.84  -0.19 |  -0.5  -12.6    0.1 |19911011
	   0.05   9.83  -0.17 |  -0.1  -15.2    0.1 |19931909
	   0.07   9.84  -0.16 |  -0.2  -18.1    0.1 |19952776
	   0.06   9.81  -0.20 |  -0.2  -20.8    0.2 |19973642
	   0.09   9.83  -0.22 |  -0.1  -23.1    0.3 |19994495
	   0.08   9.83  -0.16 |   0.2  -25.8    0.2 |20018117
	   0.09   9.86  -0.18 |   0.4  -28.3    0.2 |20039034
	   0.10   9.87  -0.16 |   0.5  -30.3    0.4 |20060153
	   0.08   9.84  -0.13 |   0.6  -32.0    0.4 |20081054
	   0.12   9.83  -0.16 |   0.6  -33.5    0.4 |20101942
	   0.10   9.80  -0.13 |   0.5  -34.8    0.5 |20122853
	   0.12   9.87  -0.17 |   0.2  -35.8    0.5 |20143713
	   0.11   9.86  -0.13 |   0.2  -36.9    0.4 |20164668
	   0.13   9.87  -0.16 |  -0.1  -37.7    0.3 |20185518
	   0.18   9.81  -0.18 |  -0.2  -38.1    0.5 |20206366
	   0.17   9.84  -0.18 |  -0.4  -38.2    0.4 |20227208
	   0.18   9.85  -0.16 |  -0.6  -38.2    0.5 |20248088
	   0.18   9.80  -0.26 |  -0.5  -37.7    0.4 |20268984
	   0.18   9.82  -0.18 |  -0.7  -37.2    0.5 |20289883
	   0.19   9.85  -0.16 |  -0.7  -36.4    0.5 |20310735
	   0.17   9.84  -0.22 |  -0.6  -35.4    0.2 |20331576
	   0.23   9.79  -0.19 |  -0.6  -34.2    0.4 |20352500
	   0.21   9.79  -0.18 |  -0.2  -32.7    0.3 |20373350
	   0.26   9.84  -0.12 |  -0.1  -30.8    0.2 |20394190
	   0.22   9.85  -0.20 |   0.2  -28.9    0.3 |20415020
	   0.24   9.79  -0.14 |   0.2  -26.9    0.4 |20435960
	   0.24   9.82  -0.24 |   0.4  -24.6    0.4 |20456876
	   0.22   9.82  -0.17 |   0.7  -22.5    0.3 |20477810
	   0.24   9.80  -0.25 |   0.7  -20.0    0.3 |20498698
	   0.20   9.84  -0.15 |   0.4  -17.4    0.1 |20519557
	   0.22   9.80  -0.14 |   0.7  -14.7    0.1 |20540414
	   0.27   9.85  -0.18 |   0.7  -11.7    0.0 |20561238
	   0.24   9.83  -0.12 |   0.7   -8.7    0.0 |20582096
	   0.25   9.82  -0.15 |   0.5   -5.6    0.1 |20602962
	   0.24   9.82  -0.21 |   0.3   -2.7    0.1 |20623853
	   0.22   9.83  -0.23 |   0.2    0.7   -0.1 |20644695
	   0.24   9.85  -0.11 |   0.2    3.5   -0.2 |20665538
	   0.18   9.81  -0.14 |  -0.1    6.2   -0.3 |20686409
	   0.25   9.82  -0.13 |  -0.2    9.2   -0.4 |20707257
	   0.23   9.81  -0.13 |  -0.1   12.3   -0.5 |20728217
	   0.26   9.82  -0.17 |   0.1   15.1   -0.5 |20749076
	   0.24   9.81  -0.25 |   0.1   17.9   -0.4 |20769976
	   0.24   9.83  -0.20 |   0.2   20.7   -0.4 |20790859
	   0.23   9.83  -0.18 |   0.3   23.0   -0.5 |20811711
	   0.23   9.80  -0.14 |   0.5   25.5   -0.6 |20832626
	   0.25   9.84  -0.12 |   0.6   27.5   -0.7 |20853471
	   0.21   9.83  -0.17 |   1.0   29.7   -0.6 |20874307
	   0.20   9.83  -0.18 |   1.2   31.3   -0.7 |20895246
	   0.21   9.83  -0.19 |   1.1   32.9   -0.7 |20916171
	   0.19   9.85  -0.20 |   1.2   34.5   -0.7 |20937059
	   0.17   9.84  -0.21 |   1.1   35.8   -0.5 |20957999
	   0.17   9.82  -0.19 |   1.0   36.7   -0.7 |20978914
	   0.17   9.82  -0.14 |   0.9   37.2   -0.7 |20999773
	   0.17   9.82  -0.19 |   0.7   37.7   -0.8 |21020703
	   0.12   9.86  -0.18 |   0.5   37.9   -0.8 |21041544
	   0.16   9.88  -0.14 |   0.2   38.0   -0.6 |21062422
	   0.13   9.84  -0.10 |   0.1   37.9   -0.7 |21083268
	   0.16   9.86  -0.15 |   0.0   37.4   -0.7 |21104829
	   0.13   9.84  -0.20 |  -0.1   36.4   -0.7 |21125716
	   0.06   9.80  -0.13 |   0.0   35.6   -0.6 |21146576
	   0.12   9.86  -0.13 |  -0.2   34.3   -0.7 |21167434
	   0.08   9.82  -0.13 |  -0.1   32.9   -0.6 |21188282
	   0.11   9.82  -0.18 |  -0.2   31.0   -0.5 |21209122
	   0.09   9.84  -0.16 |  -0.1   29.2   -0.4 |21229969
	   0.11   9.81  -0.18 |   0.2   27.3   -0.7 |21250806
	   0.07   9.83  -0.19 |   0.5   25.0   -0.6 |21271644
	   0.06   9.86  -0.17 |   0.5   22.9   -0.5 |21292499
	   0.04   9.83  -0.16 |   0.7   20.3   -0.5 |21313348
	   0.06   9.85  -0.11 |   0.5   17.6   -0.2 |21334190
	   0.10   9.84  -0.12 |   0.7   15.1   -0.4 |21355025
	   0.06   9.78  -0.16 |   0.6   12.0   -0.4 |21375859
	   0.06   9.83  -0.13 |   0.4    9.1   -0.2 |21396691
	   0.04   9.82  -0.21 |   0.4    6.3   -0.4 |21418132
	   0.05   9.85  -0.08 |   0.2    2.9   -0.2 |21439067
	   0.05   9.85  -0.13 |   0.1    0.1   -0.2 |21459943
	   0.08   9.86  -0.08 |  -0.3   -2.9   -0.1 |21480870
	   0.07   9.85  -0.16 |  -0.4   -5.9    0.0 |21501778
	   0.07   9.85  -0.15 |  -0.7   -8.7   -0.1 |21522606
	   0.02   9.81  -0.12 |  -1.0  -11.6    0.1 |21543471
	   0.07   9.83  -0.15 |  -1.0  -14.7   -0.1 |21564384
	   0.06   9.80  -0.14 |  -0.9  -17.5    0.0 |21585398
	   0.11   9.85  -0.17 |  -0.6  -20.1    0.1 |21606259
	   0.10   9.85  -0.14 |  -0.6  -22.3    0.0 |21627120
	   0.10   9.86  -0.19 |  -0.5  -25.0    0.1 |21648048
	   0.02   9.83  -0.18 |  -0.4  -27.0    0.2 |21668918
	   0.11   9.84  -0.19 |  -0.4  -28.9    0.3 |21689774
	   0.07   9.81  -0.12 |  -0.3  -30.8    0.1 |21710617
	   0.10   9.84  -0.11 |  -0.2  -32.6    0.2 |21731456
	   0.08   9.84  -0.15 |  -0.2  -33.9    0.4 |21752496
	   0.13   9.85  -0.21 |   0.1  -35.3    0.2 |21773386
	   0.14   9.85  -0.12 |   0.1  -36.2    0.3 |21794240
	   0.13   9.82  -0.15 |  -0.1  -36.9    0.4 |21815084
	   0.12   9.83  -0.16 |  -0.2  -37.2    0.2 |21835930
	   0.13   9.82  -0.15 |  -0.2  -37.4    0.4 |21856765
	   0.15   9.87  -0.17 |  -0.8  -37.4    0.5 |21877597
	   0.13   9.86  -0.15 |  -0.8  -37.5    0.4 |21898475
	   0.17   9.84  -0.18 |  -1.0  -37.0    0.4 |21919320
	   0.18   9.87  -0.16 |  -0.8  -36.3    0.3 |21940243
	   0.17   9.85  -0.16 |  -1.0  -35.5    0.3 |21961155
	   0.19   9.83  -0.26 |  -1.0  -34.4    0.3 |21982029
	   0.19   9.85  -0.16 |  -1.0  -32.8    0.4 |22002953
	   0.18   9.82  -0.21 |  -1.1  -31.1    0.2 |22023848
	   0.23   9.82  -0.18 |  -1.2  -29.2    0.3 |22044735
	   0.21   9.82  -0.23 |  -1.0  -27.3    0.2 |22065605
	   0.24   9.84  -0.20 |  -0.7  -25.2    0.2 |22086478
	   0.21   9.83  -0.20 |  -0.5  -22.9    0.4 |22107363
	   0.22   9.84  -0.15 |  -0.2  -20.7    0.2 |22128210
	   0.25   9.79  -0.15 |  -0.1  -17.8    0.1 |22149081
	   0.25   9.81  -0.15 |   0.2  -15.1    0.1 |22169952
	   0.23   9.81  -0.14 |   0.4  -12.1    0.1 |22190804
	   0.26   9.81  -0.20 |   0.2   -9.5    0.1 |22211644
	   0.23   9.80  -0.20 |   0.2   -6.5   -0.1 |22232485
	   0.22   9.82  -0.15 |   0.2   -3.7   -0.4 |22253350
	   0.24   9.83  -0.10 |   0.1   -0.5   -0.1 |22274263
	   0.24   9.80  -0.16 |  -0.2    2.3   -0.1 |22295125
	   0.24   9.82  -0.15 |   0.1    5.4   -0.1 |22315974
	   0.23   9.84  -0.25 |  -0.1    8.1   -0.3 |22336814
	   0.28   9.81  -0.17 |  -0.2   11.3   -0.4 |22357658
	   0.25   9.84  -0.15 |  -0.5   14.2   -0.5 |22378498
	   0.25   9.86  -0.24 |  -0.5   16.8   -0.3 |22399334
	   0.21   9.84  -0.20 |  -0.5   19.4   -0.4 |22420212
	   0.25   9.82  -0.14 |  -0.4   21.9   -0.5 |22441092
	   0.25   9.80  -0.21 |  -0.2   24.4   -0.5 |22462443
	   0.27   9.80  -0.10 |   0.1   26.7   -0.4 |22483340
	   0.21   9.85  -0.11 |   0.4   28.6   -0.5 |22504213
	   0.21   9.83  -0.23 |   0.6   30.2   -0.7 |22525138
	   0.21   9.85  -0.13 |   0.5   32.3   -0.8 |22546029
	   0.21   9.82  -0.17 |   0.7   33.6   -0.7 |22566886
	   0.20   9.82  -0.20 |   0.9   34.8   -0.6 |22587753
	   0.17   9.82  -0.13 |   0.9   35.7   -0.6 |22608672
	   0.21   9.85  -0.15 |   1.1   36.5   -0.6 |22629515
	   0.16   9.84  -0.15 |   1.0   37.0   -0.9 |22650400
	   0.19   9.85  -0.17 |   1.0   37.4   -0.6 |22671259
	   0.17   9.80  -0.18 |   0.7   37.4   -0.7 |22692229
	   0.14   9.86  -0.20 |   0.7   37.4   -0.8 |22713092
	   0.11   9.82  -0.26 |   0.5   37.0   -0.8 |22733930
	   0.15   9.87  -0.16 |   0.3   36.1   -0.7 |22754808
	   0.15   9.85  -0.13 |   0.1   35.5   -0.7 |22775702
	   0.09   9.86  -0.12 |   0.0   34.4   -0.5 |22796653
	   0.11   9.86  -0.13 |   0.1   32.8   -0.4 |22817507
	   0.15   9.83  -0.18 |   0.1   31.4   -0.5 |22838349
	   0.06   9.82  -0.13 |   0.1   29.8   -0.4 |22859236
	   0.10   9.84  -0.16 |   0.4   27.5   -0.5 |22880171
	   0.07   9.86  -0.16 |   0.1   25.5   -0.3 |22901028
	   0.13   9.86  -0.11 |   0.3   23.2   -0.4 |22921874
	   0.10   9.82  -0.13 |   0.4   20.9   -0.4 |22942721
	   0.09   9.90  -0.20 |   0.5   18.4   -0.4 |22963564
	   0.10   9.88  -0.16 |   0.7   15.8   -0.2 |22985124
	   0.08   9.80  -0.12 |   0.8   12.8   -0.2 |23006033
	   0.10   9.80  -0.14 |   0.9    9.8   -0.3 |23026907
	   0.07   9.78  -0.15 |   1.0    7.1   -0.2 |23047828
	   0.08   9.84  -0.17 |   0.9    4.0   -0.1 |23068729
	   0.04   9.82  -0.10 |   0.7    1.0   -0.1 |23089597
	   0.10   9.85  -0.25 |   0.5   -2.1   -0.1 |23110499
	   0.02   9.80  -0.17 |   0.4   -4.9   -0.1 |23131528
	   0.10   9.83  -0.10 |   0.2   -7.9    0.0 |23152479
	   0.07   9.82  -0.17 |  -0.1  -10.6    0.2 |23173354
	   0.07   9.82  -0.13 |  -0.1  -13.8   -0.1 |23194215
	   0.06   9.85  -0.10 |  -0.2  -16.4   -0.1 |23215078
	   0.11   9.82  -0.16 |  -0.3  -19.1    0.2 |23235967
	   0.06   9.84  -0.25 |  -0.2  -21.6    0.2 |23256818
	   0.10   9.82  -0.14 |  -0.6  -23.8    0.1 |23277662
	   0.09   9.84  -0.10 |  -0.4  -26.1    0.2 |23298497
	   0.09   9.85  -0.17 |  -0.2  -28.1    0.2 |23319330
	   0.12   9.79  -0.11 |   0.0  -30.0    0.2 |23340293
	   0.11   9.84  -0.14 |  -0.1  -31.6    0.4 |23361298
	   0.11   9.84  -0.12 |   0.2  -33.1    0.4 |23382174
	   0.12   9.82  -0.21 |   0.3  -34.4    0.3 |23403023
	   0.12   9.83  -0.15 |   0.4  -35.3    0.2 |23423901
	   0.16   9.84  -0.18 |   0.4  -36.1    0.5 |23444784
	   0.15   9.85  -0.10 |   0.4  -36.9    0.4 |23465665
	   0.14   9.86  -0.21 |   0.4  -37.1    0.3 |23486532
	   0.16   9.85  -0.15 |   0.4  -36.9    0.4 |23507630
	   0.14   9.88  -0.12 |   0.4  -37.0    0.4 |23528566
	   0.18   9.84  -0.14 |   0.4  -36.7    0.5 |23549450
	   0.16   9.84  -0.16 |   0.1  -36.0    0.4 |23570368
	   0.16   9.85  -0.20 |  -0.1  -35.3    0.4 |23591265
	   0.19   9.84  -0.24 |  -0.4  -34.1    0.5 |23612230
	   0.21   9.82  -0.17 |  -0.4  -32.7    0.6 |23633115
	   0.19   9.83  -0.17 |  -0.5  -31.3    0.2 |23653970
	   0.19   9.80  -0.26 |  -0.5  -29.5    0.2 |23674817
	   0.17   9.82  -0.09 |  -0.5  -27.5    0.2 |23695639
	   0.22   9.80  -0.21 |  -0.3  -25.8    0.2 |23716534
	   0.26   9.85  -0.19 |  -0.1  -23.4    0.3 |23737418
	   0.23   9.81  -0.19 |  -0.2  -21.2    0.3 |23758296
	   0.21   9.83  -0.07 |   0.0  -18.4    0.2 |23779186
	   0.24   9.82  -0.22 |   0.1  -16.1    0.2 |23800065
	   0.22   9.81  -0.11 |   0.1  -13.1    0.1 |23820922
	   0.23   9.83  -0.13 |   0.4  -10.1    0.1 |23841784
	   0.22   9.84  -0.13 |   0.6   -7.4    0.0 |23862642
	   0.17   9.85  -0.21 |   0.5   -4.3    0.0 |23883491
	   0.21   9.85  -0.16 |   0.7   -1.6   -0.2 |23904459
	   0.24   9.81  -0.21 |   0.9    1.3   -0.2 |23925315
	   0.21   9.84  -0.19 |   0.7    4.1   -0.3 |23946157
	   0.23   9.79  -0.18 |   0.6    7.1   -0.4 |23966995
	   0.23   9.80  -0.23 |   0.7    9.9   -0.4 |23987837
	   0.23   9.83  -0.16 |   0.2   13.0   -0.3 |24008668
	   0.24   9.83  -0.12 |   0.0   15.7   -0.5 |24029646
	   0.22   9.82  -0.20 |  -0.1   18.5   -0.5 |24050572
	   0.21   9.82  -0.19 |  -0.1   21.0   -0.5 |24071447
	   0.24   9.86  -0.19 |  -0.1   23.2   -0.7 |24093061
	   0.20   9.80  -0.17 |  -0.2   25.4   -0.5 |24113999
	   0.21   9.85  -0.15 |  -0.1   27.5   -0.7 |24134881
	   0.18   9.84  -0.16 |  -0.1   29.5   -0.5 |24155750
	   0.21   9.80  -0.21 |   0.1   31.2   -0.6 |24176666
	   0.16   9.82  -0.14 |   0.4   32.5   -0.8 |24197508
	   0.17   9.85  -0.10 |   0.5   34.1   -0.7 |24218381
	   0.14   9.88  -0.19 |   0.4   35.2   -0.7 |24239244
	   0.11   9.85  -0.18 |   0.9   35.8   -0.6 |24260153
	   0.15   9.83  -0.19 |   0.7   36.4   -0.5 |24281027
	   0.14   9.83  -0.19 |   0.9   36.8   -0.6 |24301900
	   0.09   9.82  -0.22 |   0.8   36.8   -0.6 |24322747
	   0.13   9.87  -0.16 |   0.5   36.7   -0.7 |24343582
	   0.13   9.83  -0.21 |   0.5   36.3   -0.7 |24364496
	   0.09   9.82  -0.19 |   0.5   35.9   -0.9 |24385349
	   0.12   9.87  -0.22 |   0.4   35.2   -0.7 |24406193
	   0.12   9.86  -0.13 |   0.2   34.1   -0.6 |24427069
	   0.10   9.84  -0.19 |   0.1   32.9   -0.6 |24448278
	   0.13   9.88  -0.18 |   0.1   31.6   -0.5 |24469177
	   0.10   9.86  -0.17 |  -0.2   29.7   -0.5 |24490034
	   0.07   9.82  -0.20 |  -0.4   27.9   -0.4 |24510878
	   0.06   9.83  -0.14 |  -0.4   26.0   -0.4 |24531715
	   0.09   9.83  -0.15 |  -0.2   23.4   -0.7 |24552688
	   0.04   9.84  -0.20 |  -0.4   21.4   -0.5 |24573609
	   0.08   9.80  -0.09 |  -0.3   19.0   -0.4 |24594533
	   0.07   9.83  -0.19 |  -0.3   16.4   -0.3 |24615440
	   0.06   9.82  -0.16 |   0.1   13.7   -0.4 |24636421
	   0.06   9.89  -0.10 |  -0.1   10.7   -0.3 |24657455
	   0.02   9.85  -0.14 |   0.1    8.0   -0.2 |24678356
	   0.07   9.83  -0.13 |   0.4    4.9   -0.4 |24699250
	   0.04   9.77  -0.13 |   0.5    1.8   -0.1 |24720166
	   0.08   9.83  -0.12 |   0.4   -1.0   -0.3 |24741015
	   0.11   9.83  -0.10 |   0.5   -3.9   -0.2 |24761897
	   0.08   9.81  -0.14 |  -0.1   -6.8   -0.1 |24782826
	   0.07   9.82  -0.19 |  -0.1   -9.6   -0.1 |24803708
	   0.08   9.84  -0.13 |  -0.2  -12.4    0.1 |24824741
	   0.07   9.81  -0.14 |  -0.2  -15.2    0.1 |24845611
	   0.06   9.84  -0.19 |  -0.4  -17.9    0.1 |24866466
	   0.05   9.83  -0.12 |  -0.6  -20.2    0.2 |24887314
	   0.10   9.81  -0.18 |  -0.5  -22.6    0.1 |24908163
	   0.12   9.81  -0.14 |  -0.7  -24.9    0.1 |24929002
	   0.05   9.81  -0.16 |  -1.0  -27.0    0.4 |24949840
	   0.09   9.89  -0.15 |  -1.0  -28.8    0.1 |24970679
	   0.08   9.84  -0.13 |  -0.9  -30.6    0.3 |24991526
	   0.09   9.82  -0.17 |  -0.8  -32.0    0.4 |25012369
	   0.11   9.80  -0.19 |  -0.9  -33.5    0.3 |25037712
	   0.12   9.82  -0.18 |  -0.5  -34.7    0.2 |25058658
	   0.14   9.81  -0.23 |  -0.5  -35.6    0.4 |25079535
	   0.11   9.84  -0.17 |  -0.4  -36.2    0.4 |25100545
	   0.15   9.83  -0.23 |  -0.2  -36.6    0.3 |25121462
	   0.11   9.86  -0.19 |  -0.2  -36.6    0.4 |25142344
	   0.16   9.84  -0.12 |  -0.3  -36.6    0.4 |25163194
	   0.16   9.83  -0.13 |  -0.2  -36.0    0.5 |25184043
	   0.20   9.87  -0.18 |  -0.1  -35.6    0.4 |25204885
	   0.21   9.90  -0.24 |  -0.3  -34.7    0.4 |25225767
	   0.21   9.84  -0.30 |  -0.2  -33.9    0.5 |25246621
	   0.20   9.85  -0.15 |  -0.4  -32.4    0.3 |25267468
	   0.17   9.82  -0.17 |  -0.7  -30.9    0.4 |25288311
	   0.22   9.82  -0.16 |  -0.9  -29.4    0.3 |25309171
	   0.21   9.83  -0.17 |  -0.9  -27.8    0.3 |25330019
	   0.27   9.80  -0.17 |  -1.0  -25.6    0.3 |25350863
	   0.24   9.84  -0.13 |  -1.0  -23.3    0.2 |25371691
	   0.23   9.85  -0.19 |  -0.7  -20.9    0.1 |25392525
	   0.25   9.79  -0.20 |  -0.7  -18.6    0.2 |25413357
	   0.23   9.83  -0.17 |  -0.5  -16.1    0.1 |25434225
	   0.22   9.80  -0.14 |  -0.2  -13.4    0.1 |25455108
	   0.25   9.83  -0.13 |  -0.3  -10.6    0.1 |25475968
	   0.23   9.82  -0.15 |  -0.1   -7.5    0.0 |25496806
	   0.24   9.82  -0.22 |   0.0   -4.6    0.1 |25517642
	   0.29   9.85  -0.17 |   0.5   -2.0    0.0 |25538474
	   0.26   9.80  -0.11 |   0.4    1.0    0.0 |25559302
	   0.20   9.84  -0.19 |   0.4    4.0   -0.3 |25580232
	   0.25   9.81  -0.18 |   0.6    6.7   -0.2 |25601080
	   0.27   9.80  -0.14 |   0.7    9.7   -0.4 |25621992
	   0.24   9.80  -0.15 |   0.7   12.4   -0.2 |25642920
	   0.21   9.84  -0.19 |   0.6   15.2   -0.5 |25663859
	   0.25   9.85  -0.18 |   0.2   17.6   -0.4 |25684778
	   0.26   9.86  -0.22 |   0.2   20.1   -0.4 |25705644
	   0.20   9.89  -0.18 |  -0.1   22.7   -0.5 |25726504
	   0.25   9.87  -0.16 |   0.1   24.9   -0.5 |25747356
	   0.22   9.84  -0.19 |   0.1   27.0   -0.5 |25768232
	   0.18   9.86  -0.16 |   0.1   28.7   -0.7 |25789109
	   0.19   9.85  -0.18 |   0.0   30.5   -0.6 |25809970
	   0.21   9.83  -0.15 |   0.3   32.1   -0.4 |25830853
	   0.21   9.82  -0.19 |   0.3   33.3   -0.5 |25851707
	   0.18   9.86  -0.19 |   0.2   34.3   -0.5 |25872679
	   0.22   9.86  -0.19 |   0.4   35.3   -0.5 |25893529
	   0.18   9.85  -0.20 |   0.7   35.9   -0.7 |25914371
	   0.20   9.84  -0.16 |   0.9   36.4   -0.5 |25935206
	   0.15   9.83  -0.15 |   1.2   36.4   -0.5 |25956041
	   0.19   9.83  -0.07 |   1.3   36.6   -0.7 |25976873
	   0.14   9.84  -0.07 |   1.1   36.1   -0.5 |25997703
	   0.18   9.83  -0.16 |   1.1   35.7   -0.5 |26018530
	   0.14   9.84  -0.19 |   1.0   34.8   -0.6 |26039360
	   0.16   9.84  -0.18 |   0.9   33.6   -0.6 |26060232
	   0.14   9.84  -0.13 |   0.9   32.4   -0.4 |26081070
	   0.10   9.86  -0.16 |   0.9   31.2   -0.5 |26101949
	   0.11   9.80  -0.17 |   0.6   29.6   -0.5 |26122827
	   0.13   9.87  -0.14 |   0.5   28.1   -0.5 |26143740
	   0.12   9.85  -0.18 |   0.2   25.8   -0.6 |26164729
	   0.07   9.81  -0.16 |   0.2   23.8   -0.4 |26185819
	   0.06   9.81  -0.15 |   0.2   21.5   -0.4 |26206799
	   0.10   9.84  -0.17 |   0.2   18.8   -0.4 |26227674
	   0.08   9.84  -0.14 |   0.0   16.5   -0.4 |26248536
	   0.04   9.83  -0.18 |   0.2   13.8   -0.2 |26269396
	   0.10   9.79  -0.14 |   0.3   11.1   -0.1 |26290260
	   0.04   9.83  -0.10 |   0.4    8.2   -0.1 |26311134
	   0.09   9.81  -0.19 |   0.7    5.3   -0.1 |26331985
	   0.07   9.80  -0.11 |   0.5    2.6   -0.3 |26352842
	   0.08   9.81  -0.15 |   0.9   -0.5   -0.2 |26373682
	   0.09   9.85  -0.12 |   0.7   -3.5   -0.2 |26394516
	   0.10   9.79  -0.09 |   0.6   -6.2    0.0 |26415349
	   0.03   9.83  -0.16 |   0.7   -9.0   -0.1 |26436273
	   0.05   9.82  -0.17 |   0.7  -11.7   -0.1 |26457164
	   0.07   9.85  -0.14 |   0.5  -14.5    0.1 |26478023
	   0.09   9.85  -0.13 |   0.4  -17.2    0.1 |26498868
	   0.13   9.87  -0.15 |   0.5  -19.9    0.2 |26519708
	   0.08   9.86  -0.12 |   0.1  -22.2    0.4 |26540681
	   0.12   9.81  -0.18 |  -0.2  -24.3    0.3 |26561539
	   0.08   9.84  -0.09 |  -0.1  -26.2    0.4 |26582382
	   0.10   9.82  -0.13 |  -0.3  -28.0    0.2 |26603233
	   0.16   9.79  -0.16 |  -0.3  -30.0    0.1 |26624094
	   0.14   9.86  -0.15 |  -0.6  -31.4    0.4 |26644958
	   0.12   9.83  -0.20 |  -0.4  -32.6    0.3 |26665804
	   0.13   9.85  -0.16 |  -0.2  -33.9    0.4 |26686640
	   0.07   9.81  -0.11 |  -0.3  -35.1    0.4 |26707476
	   0.15   9.85  -0.18 |  -0.2  -35.5    0.4 |26728489
	   0.14   9.86  -0.10 |   0.1  -36.0    0.4 |26749391
	   0.12   9.81  -0.17 |  -0.1  -36.1    0.4 |26770295
	   0.17   9.87  -0.15 |   0.2  -36.1    0.2 |26791152
	   0.12   9.84  -0.17 |   0.3  -35.8    0.4 |26812033
	   0.15   9.84  -0.13 |   0.4  -35.5    0.2 |26832932
	   0.14   9.85  -0.18 |   0.5  -34.7    0.6 |26853791
	   0.13   9.83  -0.20 |   0.2  -33.8    0.4 |26874650
	   0.17   9.76  -0.15 |   0.1  -32.7    0.5 |26895496
	   0.18   9.85  -0.17 |   0.3  -31.4    0.2 |26916448
	   0.18   9.86  -0.16 |  -0.2  -29.7    0.3 |26937301
	   0.21   9.83  -0.21 |  -0.1  -28.0    0.4 |26958140
	   0.19   9.83  -0.17 |  -0.2  -26.1    0.3 |26978980
	   0.18   9.85  -0.15 |  -0.2  -23.8    0.2 |26999861
	   0.18   9.85  -0.13 |  -0.4  -21.6    0.2 |27020698
	   0.27   9.86  -0.15 |  -0.4  -19.4    0.4 |27041533
	   0.23   9.85  -0.20 |  -0.6  -16.8    0.1 |27062376
	   0.29   9.87  -0.18 |  -0.4  -14.3    0.1 |27083226
	   0.25   9.80  -0.23 |  -0.4  -11.6   -0.1 |27104183
	   0.22   9.85  -0.20 |  -0.4   -8.7    0.1 |27125068
	   0.21   9.84  -0.11 |  -0.1   -6.0    0.1 |27145917
	   0.22   9.80  -0.17 |  -0.2   -2.9   -0.1 |27166756
	   0.26   9.82  -0.16 |   0.1    0.0    0.0 |27187593
	   0.25   9.82  -0.18 |   0.2    2.6   -0.2 |27208481
	   0.23   9.82  -0.17 |   0.4    5.7   -0.1 |27229322
	   0.24   9.82  -0.21 |   0.4    8.4   -0.4 |27250155
	   0.24   9.81  -0.19 |   0.6   11.2   -0.3 |27270987
	   0.22   9.87  -0.19 |   0.5   13.7   -0.4 |27291857
	   0.18   9.81  -0.18 |   0.5   16.7   -0.5 |27312701
	   0.24   9.85  -0.13 |   0.5   19.2   -0.5 |27333536
	   0.23   9.85  -0.20 |   0.4   21.6   -0.4 |27354369
	   0.27   9.86  -0.19 |   0.2   23.7   -0.5 |27375200
	   0.22   9.85  -0.12 |   0.0   25.7   -0.5 |27396038
	   0.17   9.86  -0.14 |   0.1   27.6   -0.6 |27416872
	   0.20   9.82  -0.15 |  -0.1   29.3   -0.5 |27437740
	   0.18   9.82  -0.17 |  -0.1   30.8   -0.6 |27458611
	   0.22   9.84  -0.19 |  -0.2   32.4   -0.6 |27479461
	   0.17   9.83  -0.16 |  -0.2   33.4   -0.4 |27500332
	   0.14   9.86  -0.26 |  -0.2   34.5   -0.8 |27521177
	   0.17   9.84  -0.14 |   0.0   35.2   -0.4 |27542028
	   0.15   9.85  -0.13 |   0.1   35.6   -0.6 |27562886
	   0.12   9.86  -0.19 |   0.2   36.1   -0.7 |27583736
	   0.12   9.85  -0.14 |   0.2   36.1   -0.6 |27604630
	   0.14   9.83  -0.13 |   0.5   35.7   -0.6 |27625475
	   0.11   9.82  -0.21 |   0.5   35.3   -0.6 |27646315
	   0.13   9.83  -0.24 |   0.6   34.6   -0.9 |27667156
	   0.15   9.86  -0.18 |   0.6   33.9   -0.7 |27687991
	   0.09   9.83  -0.15 |   0.5   33.0   -0.8 |27709075
	   0.09   9.82  -0.14 |   0.4   31.5   -0.7 |27730007
	   0.11   9.85  -0.19 |   0.4   30.0   -0.5 |27750880
	   0.11   9.83  -0.21 |   0.2   28.0   -0.6 |27771857
	   0.09   9.84  -0.12 |   0.1   26.4   -0.5 |27792748
	   0.11   9.83  -0.18 |  -0.2   24.2   -0.5 |27813607
	   0.08   9.89  -0.15 |   0.1   22.2   -0.4 |27834461
	   0.07   9.87  -0.20 |  -0.4   19.8   -0.3 |27855314
	   0.09   9.83  -0.16 |  -0.4   17.4   -0.4 |27876218
	   0.07   9.81  -0.18 |  -0.6   14.6   -0.5 |27897055
	   0.08   9.87  -0.11 |  -0.5   12.0   -0.2 |27917916
	   0.10   9.83  -0.15 |  -0.7    9.3   -0.4 |27938776
	   0.05   9.83  -0.08 |  -0.4    6.3   -0.3 |27959622
	   0.08   9.83  -0.19 |  -0.4    3.6   -0.3 |27980542
	   0.08   9.81  -0.12 |  -0.3    0.9   -0.3 |28001390
	   0.06   9.85  -0.09 |  -0.2   -1.8   -0.2 |28022223
	   0.07   9.83  -0.17 |   0.1   -4.8   -0.2 |28043066
	   0.04   9.79  -0.17 |   0.0   -7.6   -0.2 |28063903
	   0.07   9.80  -0.12 |   0.0  -10.4   -0.1 |28084739
	   0.11   9.85  -0.16 |  -0.1  -13.4   -0.2 |28105622
	   0.08   9.82  -0.18 |  -0.1  -15.9    0.0 |28126503
	   0.10   9.84  -0.18 |   0.0  -18.2    0.1 |28147357
	   0.06   9.87  -0.12 |   0.0  -20.6    0.1 |28168203
	   0.06   9.81  -0.19 |  -0.1  -22.9    0.1 |28189043
	   0.13   9.83  -0.13 |  -0.2  -25.1    0.2 |28209880
	   0.08   9.84  -0.14 |  -0.5  -27.0    0.3 |28230718
	   0.11   9.84  -0.11 |  -0.6  -28.7    0.2 |28251556
	   0.14   9.82  -0.12 |  -0.8  -30.3    0.3 |28272479
	   0.14   9.87  -0.17 |  -0.9  -31.7    0.4 |28293301
	   0.15   9.85  -0.21 |  -1.0  -33.0    0.5 |28314208
	   0.12   9.81  -0.18 |  -1.0  -33.9    0.4 |28335133
	   0.11   9.80  -0.20 |  -0.9  -34.8    0.3 |28356070
	   0.15   9.82  -0.21 |  -0.8  -35.2    0.4 |28376923
	   0.14   9.86  -0.16 |  -0.6  -35.6    0.4 |28397756
	   0.16   9.88  -0.17 |  -0.5  -35.8    0.4 |28418596
	   0.19   9.83  -0.15 |  -0.4  -35.5    0.3 |28439463
	   0.20   9.87  -0.11 |  -0.3  -35.1    0.5 |28460402
	   0.18   9.84  -0.13 |  -0.2  -34.4    0.3 |28481259
	   0.17   9.83  -0.11 |   0.0  -33.9    0.4 |28502100
	   0.21   9.80  -0.16 |  -0.1  -32.7    0.4 |28522982
	   0.20   9.84  -0.11 |   0.1  -31.4    0.4 |28543830
	   0.20   9.85  -0.15 |  -0.1  -30.0    0.4 |28564667
	   0.22   9.84  -0.18 |   0.1  -28.4    0.3 |28585501
	   0.24   9.82  -0.14 |  -0.2  -26.7    0.2 |28606332
	   0.24   9.84  -0.21 |  -0.3  -24.5    0.2 |28627163
	   0.22   9.87  -0.23 |  -0.4  -22.5    0.1 |28648110
	   0.24   9.84  -0.12 |  -0.4  -19.9    0.2 |28668959
	   0.26   9.83  -0.23 |  -0.4  -17.8    0.1 |28689804
	   0.28   9.82  -0.19 |  -0.3  -15.2    0.1 |28710639
	   0.23   9.82  -0.21 |  -0.5  -12.5    0.1 |28731503
	   0.20   9.81  -0.14 |  -0.4   -9.6    0.1 |28752387
	   0.22   9.82  -0.23 |  -0.4   -7.1   -0.1 |28773273
	   0.25   9.85  -0.25 |  -0.3   -4.2    0.1 |28794198
	   0.26   9.84  -0.21 |  -0.3   -1.3   -0.1 |28815093
	   0.23   9.84  -0.18 |  -0.1    1.5   -0.1 |28836086
	   0.25   9.81  -0.15 |   0.2    4.3   -0.2 |28856975
	   0.22   9.80  -0.17 |   0.4    7.1   -0.2 |28877843
	   0.23   9.79  -0.12 |   0.9   10.2   -0.4 |28898748
	   0.21   9.83  -0.20 |   0.7   12.5   -0.2 |28919609
	   0.22   9.85  -0.16 |   0.9   15.3   -0.3 |28940551
	   0.23   9.84  -0.17 |   1.0   17.7   -0.4 |28961406
	   0.22   9.80  -0.20 |   1.2   20.2   -0.5 |28982261
	   0.22   9.83  -0.14 |   1.0   22.3   -0.6 |29003101
	   0.20   9.83  -0.17 |   0.9   24.5   -0.5 |29023941
	   0.17   9.82  -0.15 |   0.7   26.7   -0.6 |29044774
	   0.23   9.83  -0.15 |   0.7   28.3   -0.6 |29065608
	   0.19   9.85  -0.11 |   0.8   29.7   -0.6 |29086437
	   0.20   9.85  -0.20 |   0.7   31.4   -0.5 |29107346
	   0.20   9.84  -0.18 |   0.5   32.7   -0.8 |29128315
	   0.16   9.84  -0.13 |   0.3   33.6   -0.8 |29149186
	   0.20   9.88  -0.15 |   0.4   34.4   -0.7 |29170029
	   0.16   9.86  -0.18 |   0.4   35.2   -0.7 |29190907
	   0.16   9.86  -0.24 |   0.5   35.3   -0.6 |29211776
	   0.15   9.85  -0.15 |   0.7   35.6   -0.6 |29232852
	   0.13   9.84  -0.20 |   0.7   35.3   -0.5 |29253715
	   0.16   9.82  -0.14 |   0.9   35.2   -0.6 |29274556
	   0.11   9.84  -0.12 |   0.5   34.4   -0.7 |29295393
	   0.09   9.82  -0.16 |   0.7   33.8   -0.5 |29316230
	   0.11   9.84  -0.15 |   0.9   32.9   -0.5 |29337079
	   0.10   9.84  -0.18 |   1.1   31.5   -0.5 |29357998
	   0.09   9.85  -0.20 |   0.9   30.2   -0.4 |29378907
	   0.07   9.84  -0.11 |   1.0   28.3   -0.4 |29399843
	   0.11   9.85  -0.13 |   1.0   27.0   -0.4 |29420700
	   0.04   9.88  -0.19 |   1.0   25.1   -0.5 |29441554
	   0.07   9.82  -0.17 |   0.9   22.7   -0.3 |29462431
	   0.10   9.84  -0.13 |   0.6   20.4   -0.2 |29483292
	   0.07   9.83  -0.16 |   0.5   17.9   -0.4 |29504155
	   0.02   9.88  -0.14 |   0.2   15.6   -0.3 |29525019
	   0.05   9.86  -0.10 |   0.1   13.1   -0.2 |29545874
	   0.11   9.89  -0.19 |   0.0   10.2   -0.1 |29566717
	   0.11   9.81  -0.17 |  -0.1    7.6   -0.2 |29587556
	   0.07   9.83  -0.15 |   0.1    4.7   -0.1 |29608502
	   0.08   9.82  -0.16 |   0.0    1.8    0.0 |29629365
	   0.04   9.82  -0.17 |   0.0   -0.7   -0.1 |29650227
	   0.04   9.86  -0.15 |   0.1   -3.6    0.0 |29671067
	   0.08   9.82  -0.13 |   0.2   -6.5   -0.1 |29691903
	   0.07   9.84  -0.20 |   0.4   -9.2   -0.1 |29712733
	   0.08   9.78  -0.14 |   0.1  -12.1    0.1 |29733568
	   0.07   9.80  -0.15 |   0.5  -14.5   -0.1 |29754441
	   0.08   9.85  -0.17 |   0.4  -16.8    0.0 |29775323
	   0.05   9.83  -0.14 |   0.7  -19.6    0.2 |29796191
	   0.09   9.84  -0.19 |   0.5  -21.6    0.2 |29817107
	   0.11   9.83  -0.12 |   0.6  -23.9    0.2 |29837996
	   0.12   9.89  -0.15 |   0.5  -26.0    0.3 |29858869
	   0.06   9.84  -0.18 |   0.3  -27.6    0.2 |29879739
	   0.09   9.85  -0.17 |  -0.1  -29.3    0.2 |29900665
	   0.08   9.82  -0.12 |  -0.1  -30.8    0.4 |29921510
	   0.12   9.86  -0.13 |  -0.1  -32.2    0.4 |29942380
	   0.15   9.82  -0.18 |  -0.2  -33.3    0.5 |29963253
	   0.13   9.88  -0.19 |  -0.4  -34.0    0.4 |29984174
	   0.12   9.82  -0.21 |  -0.3  -34.7    0.4 |30005029
	   0.13   9.85  -0.15 |  -0.6  -35.1    0.4 |30025876
	   0.11   9.83  -0.19 |  -0.7  -35.3    0.4 |30050005
	   0.19   9.82  -0.14 |  -0.5  -35.1    0.4 |30070944
	   0.15   9.84  -0.17 |  -0.5  -34.7    0.4 |30091854
	   0.12   9.83  -0.17 |  -0.3  -34.3    0.3 |30112756
	   0.17   9.82  -0.16 |  -0.2  -33.3    0.3 |30133717
	   0.21   9.88  -0.23 |  -0.1  -32.5    0.4 |30154611
	   0.18   9.82  -0.15 |  -0.1  -31.2    0.3 |30175468
	   0.15   9.85  -0.17 |   0.0  -29.8    0.2 |30196381
	   0.20   9.85  -0.21 |   0.1  -28.3    0.2 |30217231
	   0.20   9.84  -0.13 |   0.2  -26.7    0.2 |30238076
	   0.17   9.84  -0.13 |   0.2  -24.9    0.4 |30258916
	   0.22   9.85  -0.19 |   0.2  -22.3    0.2 |30279753
	   0.19   9.82  -0.14 |   0.1  -20.3    0.2 |30300712
	   0.23   9.83  -0.15 |  -0.2  -18.1    0.2 |30321583
	   0.21   9.81  -0.14 |  -0.4  -15.4    0.2 |30342530
	   0.22   9.81  -0.23 |  -0.4  -12.8    0.1 |30363437
	   0.25   9.82  -0.20 |  -0.5  -10.3    0.2 |30384316
	   0.22   9.81  -0.14 |  -0.4   -7.4    0.0 |30405196
	   0.21   9.81  -0.10 |  -0.6   -4.6   -0.1 |30426062
	   0.22   9.80  -0.16 |  -0.4   -2.1   -0.1 |30446954
	   0.20   9.81  -0.16 |  -0.6    0.7    0.0 |30467851
	   0.26   9.82  -0.21 |  -0.4    3.5   -0.1 |30488700
	   0.21   9.84  -0.20 |  -0.5    6.5   -0.3 |30509601
	   0.23   9.81  -0.13 |  -0.2    9.0   -0.1 |30530433
	   0.24   9.83  -0.26 |  -0.1   11.8   -0.2 |30551299
	   0.26   9.81  -0.15 |   0.1   14.4   -0.2 |30572168
	   0.20   9.81  -0.17 |   0.2   17.0   -0.2 |30593015
	   0.22   9.89  -0.21 |   0.4   19.5   -0.5 |30613849
	   0.22   9.82  -0.14 |   0.5   21.5   -0.4 |30634683
	   0.22   9.87  -0.03 |   0.4   23.7   -0.6 |30655514
	   0.22   9.81  -0.22 |   0.5   25.9   -0.7 |30676454
	   0.24   9.83  -0.14 |   0.5   27.5   -0.6 |30697303
	   0.20   9.81  -0.20 |   0.3   29.3   -0.5 |30718175
	   0.23   9.85  -0.11 |   0.2   30.9   -0.5 |30739021
	   0.18   9.85  -0.24 |   0.2   31.9   -0.6 |30760075
	   0.18   9.83  -0.18 |   0.0   33.0   -0.6 |30780969
	   0.16   9.89  -0.18 |   0.0   33.9   -0.6 |30801850
	   0.19   9.82  -0.16 |  -0.3   34.4   -0.5 |30822686
	   0.19   9.89  -0.26 |  -0.1   35.1   -0.5 |30843551
	   0.16   9.87  -0.16 |  -0.4   35.0   -0.5 |30864445
	   0.16   9.88  -0.14 |  -0.2   35.0   -0.7 |30885295
	   0.14   9.87  -0.21 |  -0.3   34.8   -0.7 |30906140
	   0.13   9.86  -0.20 |  -0.2   34.1   -0.5 |30927085
	   0.13   9.85  -0.16 |  -0.1   33.7   -0.5 |30948069
	   0.16   9.81  -0.18 |   0.3   32.4   -0.7 |30968954
	   0.13   9.83  -0.15 |  -0.1   31.6   -0.5 |30989830
	   0.07   9.88  -0.18 |   0.1   30.3   -0.6 |31010686
	   0.11   9.85  -0.20 |   0.1   28.6   -0.7 |31031534
	   0.12   9.77  -0.21 |   0.3   26.9   -0.5 |31052362
	   0.07   9.82  -0.18 |   0.4   24.8   -0.4 |31073209
	   0.11   9.80  -0.07 |   0.3   22.8   -0.6 |31094062
	   0.10   9.80  -0.13 |   0.5   20.6   -0.3 |31114950
	   0.10   9.81  -0.17 |   0.2   18.4   -0.5 |31135858
	   0.09   9.83  -0.16 |   0.2   16.0   -0.5 |31156727
	   0.06   9.82  -0.13 |  -0.1   13.4   -0.3 |31177579
	   0.08   9.83  -0.19 |  -0.2   10.8   -0.5 |31198423
	   0.07   9.81  -0.16 |  -0.6    8.3   -0.2 |31219263
	   0.08   9.83  -0.09 |  -0.5    5.3   -0.3 |31240212
	   0.07   9.81  -0.16 |  -0.5    2.6   -0.2 |31261063
	   0.07   9.84  -0.19 |  -0.5   -0.2   -0.2 |31281908
	   0.07   9.85  -0.24 |  -0.5   -3.1   -0.1 |31302745
	   0.09   9.79  -0.13 |  -0.4   -5.8   -0.2 |31323583
	   0.09   9.84  -0.14 |  -0.3   -8.5    0.0 |31344423
	   0.10   9.86  -0.16 |  -0.4  -11.2    0.1 |31365275
	   0.07   9.82  -0.14 |  -0.2  -13.6    0.0 |31386185
	   0.13   9.83  -0.13 |  -0.2  -16.2   -0.1 |31407083
	   0.09   9.85  -0.20 |  -0.1  -18.7    0.2 |31428552
	   0.09   9.83  -0.17 |   0.1  -21.1    0.0 |31449463
	   0.11   9.84  -0.12 |  -0.1  -23.3    0.0 |31470339
	   0.16   9.86  -0.16 |   0.1  -25.3    0.2 |31491213
	   0.11   9.83  -0.19 |   0.1  -27.3    0.2 |31512186
	   0.10   9.83  -0.12 |  -0.1  -28.7    0.1 |31533062
	   0.13   9.84  -0.16 |  -0.3  -30.2    0.2 |31553913
	   0.09   9.84  -0.19 |  -0.4  -31.4    0.3 |31574770
	   0.18   9.88  -0.18 |  -0.2  -32.6    0.4 |31595630
	   0.14   9.85  -0.10 |  -0.4  -33.4    0.4 |31616477
	   0.14   9.84  -0.24 |  -0.4  -34.2    0.4 |31637318
	   0.18   9.87  -0.15 |  -0.5  -34.5    0.4 |31658154
	   0.13   9.83  -0.19 |  -0.5  -34.7    0.3 |31678991
	   0.17   9.83  -0.16 |  -0.7  -34.8    0.4 |31699835
	   0.20   9.86  -0.16 |  -0.5  -34.5    0.4 |31720688
	   0.19   9.82  -0.19 |  -0.6  -33.8    0.4 |31741566
	   0.21   9.82  -0.13 |  -0.5  -33.4    0.4 |31762389
	   0.19   9.86  -0.14 |  -0.5  -32.4    0.4 |31783234
	   0.19   9.83  -0.12 |  -0.2  -31.4    0.6 |31804161
	   0.15   9.84  -0.22 |   0.0  -30.2    0.4 |31825019
	   0.21   9.82  -0.13 |   0.2  -28.8    0.5 |31845860
	   0.24   9.83  -0.12 |   0.0  -27.2    0.3 |31866702
	   0.26   9.84  -0.13 |   0.3  -25.2    0.2 |31887537
	   0.25   9.82  -0.04 |   0.2  -23.3    0.2 |31908568
	   0.21   9.81  -0.15 |   0.4  -20.9    0.1 |31929523
	   0.24   9.84  -0.15 |   0.3  -18.6    0.2 |31950408
	   0.23   9.86  -0.10 |   0.4  -16.1    0.1 |31971307
	   0.19   9.83  -0.19 |   0.2  -13.7    0.0 |31992192
	   0.21   9.82  -0.15 |   0.2  -11.2    0.1 |32013057
	   0.21   9.84  -0.15 |   0.2   -8.3   -0.1 |32033906
	   0.22   9.80  -0.10 |   0.2   -5.8   -0.1 |32054748
	   0.22   9.80  -0.21 |   0.0   -3.1   -0.1 |32075588
	   0.27   9.82  -0.19 |  -0.1   -0.2   -0.2 |32096447
	   0.23   9.82  -0.13 |   0.2    2.7   -0.1 |32117390
	   0.24   9.81  -0.16 |   0.1    5.5   -0.2 |32138281
	   0.25   9.83  -0.08 |   0.1    7.9   -0.2 |32159134
	   0.24   9.80  -0.16 |   0.4   10.9   -0.5 |32179983
	   0.23   9.83  -0.19 |   0.4   13.2   -0.4 |32200830
	   0.23   9.81  -0.14 |   0.6   15.7   -0.4 |32221674
	   0.21   9.85  -0.09 |   0.4   18.1   -0.3 |32242515
	   0.22   9.79  -0.11 |   0.5   20.5   -0.5 |32263353
	   0.22   9.88  -0.11 |   0.7   22.6   -0.5 |32284473
	   0.21   9.85  -0.18 |   0.9   24.7   -0.7 |32305347
	   0.22   9.81  -0.13 |   0.8   26.5   -0.5 |32326205
	   0.23   9.85  -0.05 |   1.0   28.3   -0.6 |32347078
	   0.18   9.81  -0.14 |   1.1   29.9   -0.5 |32367958
	   0.15   9.86  -0.12 |   1.0   31.3   -0.6 |32388802
	   0.19   9.86  -0.19 |   0.9   32.1   -0.7 |32409638
	   0.20   9.81  -0.18 |   0.5   33.3   -0.6 |32430545
	   0.18   9.86  -0.19 |   0.9   33.8   -0.6 |32451464
	   0.15   9.83  -0.20 |   0.4   34.3   -0.6 |32472374
	   0.16   9.84  -0.19 |   0.5   34.7   -0.7 |32493310
	   0.15   9.85  -0.15 |   0.4   34.7   -0.5 |32514182
	   0.12   9.83  -0.08 |   0.4   34.4   -0.7 |32535050
	   0.09   9.82  -0.15 |   0.3   33.9   -0.7 |32555904
	   0.13   9.82  -0.16 |   0.0   33.4   -0.6 |32576745
	   0.12   9.81  -0.16 |   0.3   32.6   -0.5 |32597583
	   0.14   9.85  -0.13 |   0.4   31.3   -0.6 |32618431
	   0.09   9.86  -0.16 |   0.4   30.3   -0.5 |32639297
	   0.09   9.81  -0.16 |   0.5   28.9   -0.5 |32660183
	   0.11   9.87  -0.18 |   0.7   27.2   -0.4 |32681036
	   0.11   9.87  -0.16 |   0.9   25.3   -0.4 |32701915
	   0.12   9.81  -0.11 |   0.9   23.4   -0.5 |32722739
	   0.10   9.84  -0.17 |   1.0   21.2   -0.5 |32743574
	   0.09   9.85  -0.12 |   0.9   19.0   -0.4 |32764502
	   0.05   9.80  -0.12 |   0.6   17.0   -0.4 |32785398
	   0.06   9.86  -0.13 |   0.8   14.3   -0.2 |32806256
	   0.07   9.79  -0.11 |   0.5   11.7   -0.3 |32827113
	   0.07   9.90  -0.18 |   0.4    8.9   -0.2 |32848057
	   0.06   9.86  -0.09 |   0.1    6.4   -0.2 |32868930
	   0.06   9.85  -0.09 |   0.2    3.5   -0.2 |32889781
	   0.05   9.81  -0.11 |   0.2    0.8   -0.1 |32910626
	   0.05   9.80  -0.21 |  -0.1   -2.0   -0.1 |32931481
	   0.05   9.83  -0.08 |  -0.1   -4.8    0.0 |32952447
	   0.07   9.82  -0.08 |  -0.1   -7.2    0.0 |32973296
	   0.06   9.81  -0.19 |  -0.2  -10.0   -0.1 |32994151
	   0.08   9.87  -0.16 |  -0.3  -12.8    0.1 |33014993
	   0.07   9.82  -0.18 |  -0.2  -15.1    0.0 |33035835
	   0.07   9.86  -0.18 |  -0.1  -17.7    0.1 |33056666
	   0.00   9.82  -0.13 |  -0.1  -19.8    0.2 |33077505
	  -0.15   9.80  -0.28 |  -0.4  -20.1    0.0 |33098340
	   0.00   9.68  -0.28 |  -1.8  -20.6    0.0 |33119197
	   0.08   9.80  -0.18 |  -2.9  -20.3    0.2 |33140147
	   0.21  10.02  -0.29 |  -2.3  -19.5    0.2 |33161050
	   0.29   9.76  -0.20 |  -2.3  -17.9   -0.1 |33181900
	   0.24   9.82  -0.18 |  -2.4  -16.2    0.2 |33202741
	   0.23   9.85  -0.23 |  -1.8  -13.7    0.0 |33223580
	   0.22   9.86  -0.15 |  -1.5  -12.1   -0.1 |33244425
	   0.20   9.77  -0.18 |  -0.7  -10.6   -0.1 |33265265
	   0.22   9.80  -0.11 |   0.3   -9.5   -0.2 |33286097
	   0.25   9.82  -0.13 |   1.2   -8.3   -0.1 |33306926
	   0.22   9.82  -0.14 |   2.1   -7.6   -0.1 |33327755
	   0.24   9.91  -0.11 |   3.2   -7.4   -0.2 |33348695
	   0.16   9.84  -0.21 |   3.8   -6.8   -0.1 |33369564
	   0.06   9.70  -0.23 |   4.0   -6.6   -0.2 |33390411
	   0.12   9.78  -0.06 |   4.4   -7.5   -0.1 |33411252
	   0.13   9.88  -0.13 |   5.1   -8.3   -0.1 |33432099
	   0.13   9.80  -0.26 |   5.0   -9.0   -0.2 |33452958
	   0.14   9.79  -0.20 |   4.1   -9.9    0.2 |33473886
	   0.15   9.93  -0.24 |   3.0  -10.6    0.2 |33494800
	   0.15   9.92  -0.21 |   2.1  -11.2   -0.2 |
